x	y	effect_size
3.358510971069336	1.5810219049453735	-0.5150630920536269
-32.762245178222656	-13.834389686584473	-0.2547884317644138
6.354939937591553	-1.978961706161499	-0.3500155993667909
4.730548858642578	1.3009750843048096	-0.0544143932615679
13.792743682861328	14.713788986206055	-0.3155888571463781
6.020941734313965	-1.7458328008651733	-0.3826065765217532
4.224730968475342	-3.6140074729919434	-0.4362177120098199
21.971233367919922	-8.418158531188965	-0.134197108743321
-2.1433019638061523	-31.506282806396484	-0.8228485928938918
-21.658973693847656	-22.007526397705078	-0.6533060550644295
6.353167533874512	6.2893500328063965	-0.2334315935662549
5.046414852142334	-0.09471128135919571	-0.3723067108635154
-11.37585163116455	18.396303176879883	0.0874929074054077
-15.827717781066895	-36.45405578613281	0.1673296971678973
-15.84920883178711	-36.45004653930664	-0.0614138934589462
4.374567031860352	7.38969612121582	-0.323898388475888
-13.699950218200684	-29.600261688232422	-0.3353710188472319
17.650358200073242	-0.4008013904094696	-0.1638082843261247
11.97928524017334	17.135452270507812	-0.1151669030171575
5.2646098136901855	1.243583083152771	-0.0792015096063086
3.646178722381592	-27.88774299621582	-0.3190181726675616
3.3308215141296387	8.802607536315918	-0.2060744355079313
-8.667848587036133	-17.969097137451172	-0.5775195183254954
8.854909896850586	10.112887382507324	-0.0341254570339567
-26.03750991821289	-27.302085876464844	-0.5765111294065506
-8.375320434570312	-23.78778076171875	0.0138766045025978
7.7355828285217285	9.573384284973145	-0.3784521643616549
-5.9349188804626465	-4.398838996887207	-0.3372561242023422
3.484313726425171	2.6211090087890625	-0.4009045978577076
18.164888381958008	-4.024175643920898	-0.3191593810205974
10.864463806152344	5.097602844238281	-0.3518599735447714
8.016218185424805	10.997965812683105	-0.2876264428558474
-0.5477021932601929	4.7198944091796875	-0.340273296299336
-33.021080017089844	-15.090587615966797	-0.3996288071872301
20.217864990234375	18.204710006713867	-0.0457595819510696
4.780269622802734	12.493627548217773	-0.3865583323863104
-36.04310607910156	-15.850793838500977	0.0672163051983412
-35.12748718261719	-13.83806037902832	-0.8297733452738707
11.137617111206055	14.027442932128906	-0.3431959334456461
-6.020630359649658	-14.271074295043945	-0.386342964971728
4.889713764190674	16.61458969116211	-0.2245984376654234
11.482404708862305	15.471779823303223	-0.2320218907427943
0.10306422412395477	9.98786449432373	-0.3426577236391182
4.3575825691223145	25.068830490112305	-0.2858063736913537
-13.752998352050781	20.305940628051758	0.1506073011310978
7.424853324890137	5.7274909019470215	-0.2875756068695451
-23.056133270263672	-31.260040283203125	-0.3256067301657577
5.961872577667236	17.281978607177734	-0.4078475511099102
10.081746101379395	12.05638313293457	-0.3284442864700437
8.488162994384766	11.719066619873047	-0.3646168872686812
-5.844508171081543	3.46765398979187	-0.1211250928244308
3.6960198879241943	-2.6244213581085205	-0.3637697871640789
-4.348477840423584	21.717405319213867	-0.1945510402228703
34.74520492553711	8.019835472106934	-0.8234710296989166
-12.433259010314941	-30.46744155883789	-0.7437806285243981
-2.1202471256256104	-31.508602142333984	-1.0643762931301892
19.27446746826172	-0.43319737911224365	-0.2835871358377788
-28.00658416748047	-22.35780906677246	-0.4919253027700088
23.05098533630371	18.30599594116211	-0.1676318454762506
-3.5500218868255615	10.84412670135498	-0.0768148638717368
33.802310943603516	8.75212574005127	-0.8381216714647706
19.382753372192383	-0.8662221431732178	-0.3713697006261067
-13.48973560333252	-18.111526489257812	-0.2839999798500636
-9.665122985839844	-30.474769592285156	-0.2833533096369194
-7.905493259429932	15.855525016784668	-0.3913864583887645
-11.13371753692627	-34.63034439086914	-0.3325262174435343
-13.411707878112793	-39.33430099487305	-0.4919194863875231
4.7163190841674805	6.156477928161621	-0.3023549661488119
1.9495075941085815	17.2338924407959	-0.2688820054232549
6.80342960357666	13.873270034790039	-0.4438435484424319
21.736215591430664	17.31634521484375	-0.1846995062597503
-16.00502586364746	-32.82733154296875	-0.9079949760053408
-16.031875610351562	-32.78031921386719	-0.7356387055592953
-12.783214569091797	20.77260398864746	-0.2854009518027299
6.155313491821289	10.966859817504883	-0.7095066484656093
3.3094992637634277	10.152819633483887	-0.1336128672424321
-10.690922737121582	-17.808317184448242	-0.0932933840478337
12.217061042785645	-9.131446838378906	-0.2278817171400479
-4.104548454284668	19.49691390991211	-0.3965566457923409
-8.17159652709961	-16.267597198486328	-0.146611024824368
-12.62297248840332	-38.872047424316406	-0.7006253261301993
11.493797302246094	5.587515830993652	-0.3512764016560525
13.812408447265625	-3.017829179763794	-0.2775734721853274
0.2532639503479004	8.883573532104492	-0.3989449152401693
8.69066333770752	5.867305278778076	-0.3325285791699642
-5.271089553833008	7.0191731452941895	-0.3108243426627339
13.827127456665039	9.083715438842773	-0.1652412699469901
10.14083194732666	6.941177845001221	-0.3999949302004953
4.811914920806885	26.80120849609375	-0.0333337806158213
4.518263816833496	5.285470485687256	-0.2926648931138725
-11.470165252685547	-22.135343551635742	-0.4652165173291028
37.223270416259766	6.283615589141846	0.942021684863057
19.63833999633789	15.751482963562012	-0.301722648008044
-18.424924850463867	-17.68035888671875	-0.2241418925841651
-1.7377192974090576	-7.961027145385742	0.2370959864485761
-14.171781539916992	-14.996152877807617	-0.365928209797025
-2.9929051399230957	5.171375751495361	-0.6617288552850905
4.503713130950928	22.23060417175293	-0.3259545880367573
-16.138700485229492	-26.96991539001465	-0.4704966294853883
1.430897831916809	24.542882919311523	-0.4685073923444414
-4.873106479644775	2.852787733078003	-0.4018735849306977
20.587778091430664	-4.868237495422363	-0.1242313687042683
3.0631844997406006	5.691916465759277	-0.1995996488290078
-12.230819702148438	-39.20149612426758	-0.4530163614015098
-3.583772897720337	19.801898956298828	-0.1502660883108032
5.716672897338867	4.2955322265625	-0.1680882888003533
5.773789882659912	-7.015231132507324	-0.1483532398525831
-10.627357482910156	22.912059783935547	-0.4752216528296716
-10.205442428588867	16.787757873535156	0.1647784476266871
-12.156484603881836	-19.12893295288086	-0.3708603375335904
18.440908432006836	-1.9548320770263672	-0.2390891084703182
16.21514892578125	17.51913833618164	-0.2954514846392868
-10.180673599243164	9.24533748626709	-0.7566946578266288
-5.249833583831787	20.41788673400879	-0.312838135362443
-6.7050862312316895	10.99574089050293	-0.0633744029827158
-3.064876079559326	-42.58823013305664	0.0535391701610117
-21.12856674194336	-47.041175842285156	0.1472089400308626
9.048171997070312	2.8955812454223633	-0.167221646520259
-17.536771774291992	-0.1834496557712555	-0.2709839807812468
8.999756813049316	13.339874267578125	-0.4374503428169474
36.83085632324219	6.5617547035217285	0.8694903772207089
7.01436185836792	13.505731582641602	-0.3666600268670651
1.7591145038604736	27.021190643310547	-0.3282889108416868
13.285289764404297	-2.6027510166168213	-0.2428053947595493
-12.129876136779785	18.469749450683594	0.2231103881661059
-19.711179733276367	24.84284019470215	-0.3672563558077297
3.5391318798065186	25.603660583496094	-0.0282616189605923
5.5090651512146	14.643583297729492	-0.3758571148257245
-14.151156425476074	-21.14669418334961	-0.4028274367472227
19.950586318969727	8.057140350341797	-0.357842690068685
16.548215866088867	-25.005348205566406	-0.4558212716536359
-12.30953598022461	-39.79570007324219	-0.4698915176184011
-18.675762176513672	-0.09660816192626953	-0.1102803408733373
3.8178932666778564	3.2649595737457275	-0.2783190810751513
20.788795471191406	26.638710021972656	-0.2648342658141689
2.4769439697265625	-9.042412757873535	-0.0650696508816248
-8.725457191467285	-34.75764846801758	-0.1672531063150509
-5.917179107666016	18.718461990356445	-0.3388370032176172
-3.984612464904785	9.661779403686523	-0.2171300534821922
8.39655876159668	14.1653470993042	-0.5101390049454346
21.623207092285156	15.943540573120117	-0.4336768478915297
7.59601354598999	-12.654658317565918	-0.4250808292303673
2.656296491622925	26.498022079467773	-0.3158501273772525
20.900583267211914	1.1596952676773071	-0.4322959531999357
-15.24084758758545	-50.9827880859375	0.047943530442562
0.7045726776123047	11.410579681396484	-0.0934423729369194
-11.59601879119873	-40.21671676635742	-0.5714568626288926
-14.688234329223633	-41.59136962890625	-0.5592865239945211
-12.816385269165039	-22.315183639526367	-0.6681831828387871
13.412520408630371	-6.093863010406494	-0.4218764795298138
35.314056396484375	7.600174903869629	-0.8072944110628006
12.407343864440918	18.912269592285156	-0.3211122731390654
8.280231475830078	-12.168987274169922	-0.3511330000082781
0.8218842148780823	10.3807954788208	-0.3593117124906557
1.5634207725524902	15.1443452835083	-0.2485919985289753
-4.849411487579346	12.801499366760254	-0.0148443239305296
20.061338424682617	-4.638808727264404	-0.0594713073895649
12.054344177246094	18.035024642944336	-0.0019027499868231
-11.109360694885254	9.55142879486084	-0.822799900440271
34.01845932006836	8.604744911193848	-0.78823222300037
-19.17854118347168	-47.46588897705078	-0.7957890378488026
19.00037956237793	-7.037721633911133	-0.2205831030370795
15.8147611618042	10.12539005279541	-0.3948046020703681
-15.486969947814941	-51.77504348754883	0.2047810116968177
11.378103256225586	-13.116720199584961	-0.3286050480964693
-13.122559547424316	-29.931785583496094	-0.6380595939742422
3.9792091846466064	30.89996337890625	-0.3959498716382358
-10.294918060302734	-42.29794692993164	-0.2394054548548531
-12.047494888305664	-34.108680725097656	0.2679919183646445
22.69646453857422	3.4108948707580566	-0.3533275901230442
-12.246493339538574	7.384670734405518	-0.6823563592118735
17.27397346496582	18.45429229736328	-0.4995825590616097
9.95073127746582	17.90638542175293	-0.1106789215074363
-16.753833770751953	-3.1255674362182617	-0.9210081559749288
-14.158902168273926	-18.994056701660156	-0.4867151738237624
-16.773160934448242	3.9558417797088623	0.1677504935197449
17.851255416870117	9.627301216125488	-0.3465825859792467
7.916843891143799	8.16970157623291	-0.3591333036081996
-11.09971809387207	18.225017547607422	0.0277536856292585
3.3786895275115967	25.394495010375977	-0.3345354889999777
-22.39948081970215	4.46726655960083	0.3723802337400961
-15.621636390686035	-52.327537536621094	-0.030851013047978
13.001725196838379	-5.741222858428955	-0.2796531891426849
-19.194255828857422	24.99312973022461	-0.3963101637330767
19.984355926513672	0.17203333973884583	-0.2593926500938224
-6.705348491668701	25.920513153076172	0.4721936697767642
28.916948318481445	-7.387136936187744	-0.1548335613391439
-4.191101551055908	10.818613052368164	-0.0369069316713575
-9.300976753234863	-36.03282165527344	0.036439915404946
9.40979290008545	-9.494869232177734	-0.2397924958350607
-17.219669342041016	-19.928342819213867	-0.2898933461091438
15.661017417907715	9.919413566589355	-0.2724860201621247
13.950453758239746	18.394794464111328	-0.3025925265266705
-19.52523422241211	-20.206727981567383	-0.6949426359278118
1.8644591569900513	10.28904914855957	-0.2640656620979441
-1.8963549137115479	-26.944774627685547	0.0939408685262824
20.078161239624023	-0.8326923847198486	-0.4557138108667761
-12.531013488769531	-17.078886032104492	-0.4802314679131765
-12.208780288696289	-13.76850700378418	-0.3036896462225389
-10.559172630310059	-50.23426055908203	-0.1782173243758353
-16.076087951660156	-52.766082763671875	-0.0391753183287147
-13.897826194763184	-15.624878883361816	-0.4602152164122257
-12.077946662902832	-40.8092155456543	-0.5305496403627407
26.978788375854492	10.294526100158691	-0.2631306291871889
0.7629354596138	0.2357490509748459	-0.4252345466400933
19.961772918701172	-2.415283441543579	-0.1162956141344089
10.76555061340332	17.404943466186523	-0.2359390855095704
10.913764953613281	8.984319686889648	-0.4069576121965508
-19.873180389404297	-15.249712944030762	0.3362526275235138
-20.554044723510742	-47.19612121582031	-0.3627364616367466
23.248964309692383	18.638580322265625	-0.2352932728132745
-6.161799430847168	9.267738342285156	0.1153317031077341
14.853802680969238	-2.5579819679260254	-0.073749502848544
2.343853712081909	-5.557638645172119	0.296951728169506
-15.186372756958008	12.433448791503906	0.0415752805466989
-25.52460479736328	-27.428442001342773	-0.5306562789115676
-7.662556171417236	20.488758087158203	-0.5693167808493106
-19.132915496826172	-47.47344970703125	-0.533667752789809
12.945843696594238	6.97288703918457	-0.3038340350279855
-14.613011360168457	-18.60407066345215	-0.316914427614375
21.826034545898438	34.652462005615234	-0.3497344794744778
-12.6470947265625	-41.469356536865234	-0.5558875949358544
-11.54672622680664	-20.828657150268555	-0.3451215123711325
-14.51921272277832	-39.62314224243164	-0.4410833267948275
-15.095270156860352	-19.387136459350586	-0.5215952576375128
-33.89069747924805	-14.903129577636719	-0.6644085086865633
6.709872245788574	-3.513209104537964	-0.3281376935323687
4.777945041656494	2.5878498554229736	0.0178829112475034
-17.078201293945312	17.552175521850586	-0.3014238516319701
-9.875603675842285	7.754023551940918	-0.4711413293197128
3.0594065189361572	-5.092065811157227	-0.225973855099123
-17.18870735168457	-25.021133422851562	-0.3679456615574147
-5.570565223693848	6.474355697631836	-0.1696514501982722
8.790323257446289	-14.711724281311035	-0.2372955170328039
-2.815108060836792	16.36788558959961	-0.2236203257187285
6.950474262237549	0.8035579919815063	-0.0470105055217438
-11.45952320098877	-41.46062469482422	-0.2487501361318319
-23.8387451171875	-29.619516372680664	-0.1982146193099033
-1.5357874631881714	16.022518157958984	-0.136193106881024
4.606207370758057	46.642417907714844	-0.9731075236843596
-16.028188705444336	-53.50386428833008	-0.1677742711967981
-12.605009078979492	-23.13966941833496	-0.4460950596755976
-22.327421188354492	-19.449947357177734	-0.7590492558821879
10.963557243347168	29.72727394104004	0.3345438003434169
3.9299628734588623	14.116668701171875	-0.2668240027133951
-20.0031681060791	24.756784439086914	0.037583715421218
19.9145450592041	-8.288905143737793	-0.28993917043771
8.668879508972168	0.00041130324825644493	-0.454478226804492
12.797460556030273	11.944779396057129	-0.7510035527937661
-25.2394962310791	0.5509864091873169	0.5131229115316952
-11.240403175354004	-43.006439208984375	-0.260162552664872
-30.318986892700195	-2.860898971557617	0.5428440962356784
3.9538204669952393	-3.071382522583008	-0.4317939567374813
16.748003005981445	38.95547866821289	-0.6613103708417086
-10.129812240600586	-0.16456127166748047	0.034543262022834
-18.2937068939209	-19.92266845703125	-0.2684733310058265
-12.173894882202148	-19.766931533813477	-0.1890013125996201
10.357293128967285	-14.290175437927246	-0.4136240443035718
-2.3558685779571533	5.32564640045166	-0.2502353038063343
3.0408082008361816	14.506026268005371	-0.0365025879966792
-11.03526782989502	-23.155954360961914	-0.6809731154177503
6.470889568328857	28.493106842041016	0.3056310219437181
-9.08254337310791	-43.84785461425781	-0.3386873601031749
10.414220809936523	-7.022748947143555	-0.1691242068783119
14.326264381408691	2.140160083770752	-0.3194092260334155
8.989459991455078	14.920016288757324	-0.2589879012478215
9.088640213012695	-8.675593376159668	-0.0923117692953508
-12.25633430480957	3.415341854095459	-0.2345970630433132
-4.31743049621582	-20.911130905151367	-0.3643657308735273
3.612443208694458	-27.92158317565918	-0.5044133240505946
2.2713494300842285	16.531219482421875	-0.0984733054308094
-4.6807990074157715	8.438130378723145	-0.4800091625379092
-19.380023956298828	-16.68125343322754	-0.023395481650504
12.172971725463867	-3.2553040981292725	-0.2872815245230797
-19.080575942993164	-24.005111694335938	-0.2285171417445047
-3.5875415802001953	-1.5986733436584473	-0.0371445244589192
17.683420181274414	33.64624786376953	-0.5167301448813524
2.7312674522399902	-9.430059432983398	-0.2883730371707148
5.224980354309082	32.43812561035156	-0.2950451541398025
14.950952529907227	16.865182876586914	-0.4581333207880608
36.21582794189453	6.984944820404053	0.9230477995992256
13.424670219421387	-7.2265625	-0.2879272990071104
-1.2900406122207642	-13.606721878051758	0.050675992538533
16.125240325927734	-4.160192489624023	-0.6513787894827592
-10.581878662109375	29.118610382080078	0.102376251737633
-15.612126350402832	11.214997291564941	0.1787048181674786
-15.097875595092773	-50.386566162109375	-0.08704130803162
-4.139706134796143	15.920905113220215	-0.2363693682136353
0.13604018092155457	-2.742359161376953	-0.2037639830744227
-9.666507720947266	-19.201396942138672	-0.6315314803933713
-20.38072967529297	-6.000640392303467	-0.2951603687614295
6.936268329620361	13.17098617553711	-0.5082194420636746
9.417582511901855	2.034921884536743	-0.1202500548914103
-33.68648910522461	-14.794175148010254	-0.6283530543651621
10.191864013671875	-12.148513793945312	-0.0305780762816363
-10.146251678466797	-43.69680404663086	-0.030335394843227
-7.808096885681152	5.330602169036865	-0.3452915381201677
-4.695980548858643	19.459590911865234	-0.3912588008387144
15.861310005187988	1.969926357269287	-0.447233614507103
-18.208511352539062	-18.29063606262207	-0.1956908815357743
-6.543898582458496	-4.634594440460205	0.1157613383679124
-22.971363067626953	13.936220169067383	0.0725579058156628
-12.466983795166016	-43.178749084472656	-0.3167749154281087
-12.208118438720703	-42.08298873901367	-0.4201935031840881
21.204086303710938	35.17163848876953	-0.3229300810392305
26.312673568725586	28.73696517944336	-0.5311474498889824
17.9677791595459	-12.684096336364746	-0.1455312954556551
-8.376985549926758	-44.65238571166992	-0.1579280294904794
-9.998916625976562	14.334612846374512	-0.2237434584146726
-10.69596004486084	35.06521987915039	-0.9889145785714518
-25.65244483947754	15.271714210510254	-0.0223179136126891
25.386707305908203	-12.072820663452148	-0.1645498297423789
-1.449780821800232	-23.286338806152344	-0.0996072988726726
-23.258527755737305	-0.8404598236083984	0.2587694802974082
17.867355346679688	14.733097076416016	-0.3914798823129021
-6.876260280609131	-34.95938491821289	-0.745212680310871
21.113487243652344	-0.20845796167850494	-0.3099398476120115
16.653785705566406	-2.23093843460083	-0.8569303387605735
-16.782011032104492	-53.69821548461914	-0.2360542777377793
-21.351099014282227	-34.65478515625	-0.3036243664296323
-4.640152454376221	41.113887786865234	0.1865539680916957
-5.229386329650879	13.525484085083008	0.1314275631860934
13.679780960083008	29.076881408691406	-0.5499730185796752
4.6626996994018555	17.439590454101562	-0.294055509492804
-1.1599174737930298	19.36093521118164	-0.2590376881740938
-14.07902717590332	-22.964080810546875	-0.8422468901985558
12.118461608886719	-10.058844566345215	-0.3078409497824222
-10.20809555053711	19.04863929748535	-0.3185532888969599
-10.601911544799805	22.78987693786621	-0.5135759494427639
30.878572463989258	23.182645797729492	0.1131228485603693
3.20218825340271	44.958656311035156	-0.7335879830535189
22.609676361083984	2.221992015838623	-0.4844636160680164
18.421688079833984	24.738733291625977	-0.9059977799200634
29.821008682250977	-1.171698808670044	-0.0129630392529563
24.994586944580078	5.137956142425537	-0.7687389412304022
-23.190549850463867	21.140914916992188	0.0673832579657801
-33.52349853515625	13.538787841796875	-0.4522704920367255
-14.766866683959961	-13.472188949584961	-0.1064596963306761
3.936021566390991	13.669556617736816	-0.2739970520813068
8.725408554077148	7.979855537414551	0.080944094020218
-5.027815818786621	-10.698633193969727	-0.2734700574416304
5.270408630371094	-6.949897766113281	-0.3154810454335383
12.40958309173584	15.382287979125977	-0.2931420010360064
13.147832870483398	13.955461502075195	-0.2171536054466458
-16.841291427612305	33.20819091796875	0.4187031476971514
22.872472763061523	-8.156187057495117	-0.0328735881695594
18.46917724609375	-21.151588439941406	-0.5436317716948157
-15.506604194641113	-21.64640998840332	-0.4357750849787487
-0.09754137694835663	10.07072639465332	-0.2776365661792533
15.05972671508789	5.667821884155273	-0.4222904558985241
13.786771774291992	-29.543977737426758	-0.1799311859514627
9.093091011047363	-14.104182243347168	0.1625510460934919
17.719480514526367	33.63400650024414	-0.272058411091435
18.20567512512207	28.527175903320312	0.0067902153451445
23.451871871948242	7.901558876037598	-0.4500740048866954
12.191490173339844	-5.612972259521484	-0.1359981789150778
8.811881065368652	-23.948633193969727	-0.1173665027729898
2.2729337215423584	18.849824905395508	-0.297475084835519
16.847593307495117	17.84954833984375	-0.2345384246997667
-9.917423248291016	-39.845848083496094	-0.1938732918600318
13.871700286865234	8.4787015914917	0.059988119509485
-11.442010879516602	-52.48815155029297	-0.1991000411531448
20.60543441772461	22.579954147338867	-0.324414088731216
-29.472028732299805	20.047395706176758	-0.9347848169616424
12.69490909576416	-23.818843841552734	-0.3745111035227755
12.310372352600098	31.4549617767334	-0.1892928637834757
1.6727559566497803	3.0472002029418945	-0.14933307576753
-9.117206573486328	-23.278095245361328	-0.1689286477696666
-18.10196876525879	3.1781303882598877	-0.2569913620872334
-10.582146644592285	-52.045799255371094	-0.0753427337331471
12.916325569152832	25.742860794067383	-0.1029097740920528
5.9657392501831055	26.443967819213867	-0.2255910648924826
-3.1014013290405273	8.925088882446289	-0.2549830751722649
12.892815589904785	-12.747027397155762	-0.3211175453811671
-4.990736961364746	-42.84870147705078	-0.3952728253658882
-3.009481191635132	8.055595397949219	0.0181786559678637
-1.9781687259674072	-26.927494049072266	0.161749023437359
-1.3007256984710693	24.26775360107422	-0.2409954716553746
-11.413139343261719	-51.8249397277832	-0.0702505653648574
-10.732840538024902	-44.80081558227539	0.0999106630695687
-11.847800254821777	-44.05452346801758	-0.1485269490564892
13.672101020812988	16.763029098510742	-0.3458341198279956
25.49295997619629	2.8432533740997314	-0.4004582214199654
-11.413975715637207	-23.922807693481445	-0.8323551796750395
-12.74842643737793	-44.022491455078125	-0.2420394984268051
-25.255146026611328	-0.008083777502179146	0.4639314236010727
-11.158731460571289	-44.17618942260742	0.0687406148347468
-3.7439045906066895	2.6705503463745117	-0.2448250389554626
0.25452858209609985	-13.752190589904785	-0.4565613035461661
34.17975997924805	-17.413084030151367	-0.9519352227902336
15.254034042358398	12.14755916595459	-0.1996195806916657
-9.316084861755371	-44.80758285522461	-0.4050510988819575
20.7037410736084	22.63730812072754	-0.235903418540047
9.492652893066406	25.84630584716797	-0.2938116202074469
20.595060348510742	26.34502410888672	-0.0978164147499321
-5.286282539367676	2.7906992435455322	-0.1426313030604343
-12.458622932434082	5.600393772125244	-0.1637151492499525
-8.691186904907227	-7.8981733322143555	0.3296610113051051
30.961416244506836	28.458009719848633	0.3212443857796767
17.383249282836914	16.753873825073242	-0.28840276778513
-5.80026388168335	17.811969757080078	-0.2452460039056222
24.474512100219727	-2.7453837394714355	-0.2192644404706755
22.950851440429688	15.088793754577637	-0.4854885865380876
16.18315887451172	-29.08872413635254	-0.8706796027268435
1.6560543775558472	-6.310563087463379	-0.595513132111133
27.068357467651367	-7.312824249267578	0.325262490055021
2.6932945251464844	11.529683113098145	-0.1962963576212042
-12.0900239944458	-15.18875503540039	0.4028423979295392
28.05977439880371	24.007219314575195	0.0665879430254191
30.68914222717285	18.100189208984375	0.0660889390865124
3.5829646587371826	-20.848127365112305	-1.1427724094095475
6.16912317276001	38.301998138427734	0.4442502578044706
-12.437416076660156	-52.733638763427734	-0.1444666264347063
-3.186514139175415	-4.2036237716674805	-0.4277580727845967
22.898908615112305	25.565519332885742	-0.3060289537972979
-0.9871819019317627	9.96595573425293	-0.2480781010373937
-0.9035844802856445	-3.9994428157806396	-0.5922857556818832
-33.13035583496094	-7.639183044433594	0.19620730351157
-9.663787841796875	-45.862979888916016	-0.3733259452397787
11.275263786315918	-15.537617683410645	0.0889821564853847
-35.9668083190918	-16.414012908935547	0.0995306146879049
8.780952453613281	4.235436916351318	-0.1668405018795479
-16.073701858520508	-20.07796287536621	-0.5008114414903269
-34.54298400878906	-6.884690761566162	-0.2209254033476337
-12.337736129760742	-34.00962448120117	1.120384121144623
-10.45553970336914	-52.79486083984375	-0.2112207169643795
15.086138725280762	23.023340225219727	-0.2507852404764505
10.747381210327148	36.29433822631836	0.2131584153306396
-1.4392187595367432	8.888083457946777	-0.5454168484875238
10.82942008972168	-28.2021541595459	-0.6003302496094183
-25.206157684326172	5.903590202331543	0.3771217677732229
12.702561378479004	-23.99042510986328	-0.6668062426709249
-23.689247131347656	-39.880462646484375	-0.6485752759910413
-7.9829301834106445	-24.440576553344727	-0.035180898571016
5.235534191131592	32.535850524902344	0.0640104843138867
-1.820143461227417	35.308021545410156	-0.5046311288734808
20.960952758789062	-6.724571228027344	-0.1325872672665504
30.605266571044922	28.45697784423828	0.4888227635702643
-8.970489501953125	9.451311111450195	0.4864527979693307
-9.708062171936035	37.729881286621094	0.8675730287710971
16.326032638549805	-30.725963592529297	-0.1329499636515395
-0.24496261775493622	1.3334757089614868	-0.3263427198664412
12.753820419311523	4.586017608642578	-0.3190880994823928
25.24273109436035	0.11323712021112442	0.4442279760887679
17.91088104248047	-21.91410255432129	-0.3382906079796958
28.915498733520508	-7.574406623840332	-0.1403319099784876
19.454696655273438	20.758041381835938	-0.2226481267882885
12.847098350524902	20.274742126464844	-0.3307207128658962
-8.025747299194336	13.411797523498535	0.1108279446973886
16.448760986328125	-25.052400588989258	-0.4707497503048426
-25.584087371826172	-3.8441145420074463	-0.2026813508854673
-4.688597202301025	41.24573516845703	-0.0914411778720945
-12.219635963439941	-52.07709503173828	-0.0244787951611614
-16.271209716796875	-19.12671661376953	-0.3787317498220399
6.458795547485352	2.4408838748931885	0.216846150128288
12.467655181884766	4.635671615600586	-0.4575644158857578
-5.814090251922607	9.714051246643066	-0.1020780280939053
-10.142062187194824	-21.03220558166504	-0.369399997317141
-2.2670161724090576	23.7159423828125	-0.2804544764933872
29.485950469970703	6.036986827850342	-0.5995803602308056
-16.27532196044922	-54.41855239868164	-0.2532751968442807
-16.633758544921875	-22.065006256103516	0.4199532803410906
2.565836191177368	23.964519500732422	-0.4293673412372
-11.512097358703613	-53.09954833984375	-0.1050638043223073
-7.915478229522705	1.3622764348983765	-0.76861984652706
-1.202430248260498	16.292377471923828	-0.169128424712677
-1.1949167251586914	30.103384017944336	-0.0905505519473526
0.23783071339130402	12.757564544677734	-0.3824969858211171
-20.626697540283203	-5.515166282653809	0.5154793668699899
-12.518412590026855	-44.94406509399414	-0.2262696907180774
5.266650676727295	9.009512901306152	-0.4942588636885198
10.639404296875	32.3671989440918	-0.3429229609221371
11.244478225708008	8.515874862670898	-0.2377251571064871
15.959070205688477	39.616180419921875	-0.5058184081616923
12.5311861038208	-3.2642781734466553	-0.241700294952932
-11.85442066192627	-53.85367965698242	-0.1951344316607206
-9.994156837463379	28.25830078125	0.1543286629944229
-16.94266700744629	-2.182142734527588	-0.1242282465836456
7.143379211425781	8.81318473815918	-0.328491449758794
-11.159811019897461	-53.80085754394531	-0.1342676106416843
8.004382133483887	20.356229782104492	-0.3725833814014841
-4.981091022491455	5.592512130737305	-0.0037796499088862
2.8198580741882324	-36.55583953857422	0.124274525407937
21.87767791748047	-3.180119276046753	-0.1791127417344387
-3.369940996170044	13.256027221679688	-0.6181922591978088
22.385549545288086	37.07688522338867	-0.0955401077735046
18.542991638183594	-20.76100730895996	-0.3861003493436025
-6.119265079498291	29.070707321166992	0.4707596179404898
-6.304930210113525	19.600927352905273	-0.4894107333345252
-12.407429695129395	-53.43668746948242	-0.14783892390671
-10.060630798339844	11.239513397216797	-0.1290619432302298
-5.958539962768555	11.825054168701172	0.4125307107497882
-25.361906051635742	5.769664764404297	0.4547576200584852
6.2330708503723145	38.3981819152832	-0.1046839638494562
-10.573193550109863	-53.45318603515625	-0.2251172995977968
-8.327183723449707	-1.1266438961029053	-0.1164004699878812
8.349287033081055	-18.28300666809082	-0.0818222925489315
-26.416908264160156	-0.19319577515125275	-0.1834566235840213
-1.0219517946243286	3.0168991088867188	-0.1574764026553365
12.44644832611084	3.912050247192383	-0.3310384887073062
-28.720252990722656	-22.963356018066406	-0.9137858983822076
-17.381330490112305	7.237767696380615	0.0109176179798084
-19.26940155029297	-25.477272033691406	-0.1584454741921483
-15.515897750854492	-18.404359817504883	-0.1494529591000256
25.585405349731445	5.322504997253418	-0.8713637167754494
31.200498580932617	23.24216651916504	0.2943590270289297
-12.719298362731934	-45.848323822021484	-0.3614597131067686
4.626380920410156	46.65864944458008	-0.9008889701266352
-13.506987571716309	-10.229435920715332	-0.1768733837405381
8.924287796020508	-6.303708553314209	-0.223975658898877
14.450515747070312	5.067790985107422	-0.1030464748925806
7.53863525390625	-24.496074676513672	0.0162585163033097
-11.747276306152344	-45.25751876831055	-0.2743764988560817
22.409048080444336	-21.453706741333008	-0.1994057306272859
-6.723384380340576	22.39496612548828	-0.1385018301815829
-13.114083290100098	1.9641070365905762	-0.2433616602453287
-21.369935989379883	-34.67961883544922	-0.2787490388553625
-16.2393798828125	-8.861151695251465	-0.0842131700399856
-4.849176406860352	-10.093915939331055	-0.1936973329520287
-10.904179573059082	-45.606502532958984	-0.4629558422926875
-23.055126190185547	-29.84454345703125	0.0471897389771655
31.590885162353516	16.955598831176758	-0.6254167229378531
-5.123797416687012	15.24060344696045	-0.2836830938063761
38.11720657348633	16.234155654907227	-0.1359969531539505
17.24186897277832	6.4736785888671875	-0.4751029277537902
23.276798248291016	0.08678940683603287	-0.6253709473249676
2.7427682876586914	6.994938850402832	-0.2990615807603945
-27.591611862182617	-21.964963912963867	-0.2380208034739001
-19.55207633972168	3.3585431575775146	0.1267948054081009
17.56627655029297	2.094480276107788	-0.3761319906952161
11.65890884399414	-16.02924156188965	-0.1921059342087458
22.39851188659668	-21.422521591186523	-0.3984230861614111
-2.335574150085449	-12.902765274047852	-0.2505195070820632
15.893507957458496	-30.74150276184082	-0.457850538501561
-4.887498378753662	25.981290817260742	-0.219790254150938
12.042880058288574	-26.158363342285156	-0.3397333004429688
36.983455657958984	-9.604805946350098	0.2994851361490233
-6.266756057739258	14.982065200805664	0.1037922613995768
-5.636026859283447	-43.04261779785156	-0.2742747965587871
-13.746208190917969	-0.5360555648803711	-0.2549787368904923
8.438015937805176	-2.8820221424102783	-0.1480291981101931
2.4152896404266357	11.95424747467041	-0.5875608629118374
-26.429248809814453	26.348421096801758	-0.7871814606810996
8.390717506408691	-10.375730514526367	-0.6913634404320401
-1.4868228435516357	17.165987014770508	-0.0359661933534963
-13.824264526367188	-0.5838510394096375	0.2392380680164805
-34.90748977661133	-20.57166290283203	-0.2850977050937807
-0.3550053536891937	4.988427639007568	-0.203852145687647
-20.22446060180664	-24.161596298217773	-0.3949898596583081
-1.6794322729110718	0.6239054799079895	-0.5589534093239568
2.8666481971740723	-9.660564422607422	-0.437893893484131
29.12849235534668	20.388233184814453	0.0311569405533816
15.326815605163574	12.032094955444336	-0.2483018300122296
-4.397693634033203	-20.96294593811035	-0.5151828282799709
3.230940103530884	-0.4896661341190338	-0.0683415533592497
-26.5677433013916	-16.12333106994629	0.05744660309126
-2.752532958984375	23.57925796508789	-0.3553783683203511
-1.4748539924621582	-42.22504806518555	-0.6586646575450951
-5.077912330627441	16.910858154296875	-0.3352749202424828
16.108997344970703	-29.220754623413086	-0.404645329825231
13.757585525512695	32.72624588012695	0.1497718266222852
-19.996797561645508	-6.78227424621582	0.0882226137716078
-9.757917404174805	-4.037760257720947	-0.1423110793748122
-24.242876052856445	6.328122138977051	0.5564592272179895
-10.12593936920166	-4.084527492523193	0.011705171528049
-35.93523406982422	-16.395679473876953	-0.0634966195106545
-9.654742240905762	37.74298095703125	-0.5583743701716332
-6.363615036010742	-14.605691909790039	-0.2762185514494267
0.7340340614318848	-0.7764045596122742	-0.4985973568461893
1.0013378858566284	6.840199947357178	-0.2180784636727097
-3.8384432792663574	24.463823318481445	-0.159009327197374
-25.506032943725586	-4.838039875030518	-0.5174296717511151
-0.35004284977912903	-1.0574835538864136	-0.4423142068512052
-19.39405059814453	-29.99945831298828	-0.4240435858961705
23.561973571777344	14.839492797851562	0.6870049032074376
-5.8677167892456055	11.065064430236816	-0.0813136723710327
-26.827573776245117	7.811858177185059	0.2907765160326559
25.89910125732422	-26.468311309814453	-0.3034568934709634
-0.8863933086395264	15.586164474487305	-0.3777873392318474
-11.881568908691406	-45.99374771118164	-0.3424898994835393
-0.828906238079071	-3.868194580078125	-0.749424330683656
15.327043533325195	-8.148714065551758	-0.6723670527229156
22.699541091918945	-11.792515754699707	-0.407963191569149
-3.6366400718688965	-26.093875885009766	-0.4171492608731563
-1.168445348739624	-6.7890849113464355	-0.0238125715262821
-8.471628189086914	-20.256103515625	-0.0104676197220677
26.387086868286133	28.800283432006836	-0.5030113467164052
-6.369058609008789	-18.27741813659668	0.0124287628969799
13.250020027160645	-4.907170295715332	-0.4012745655291288
30.054895401000977	36.00225830078125	0.0290060075750181
25.88077735900879	11.156911849975586	-0.4134369440668832
-4.227051258087158	32.945674896240234	-0.7759403572891556
24.319690704345703	19.211750030517578	-0.1128159955675891
-17.059125900268555	-23.251920700073242	-0.0484789567851168
21.557762145996094	30.045257568359375	-0.1655077790926269
-17.09192657470703	-54.39643478393555	-0.2033561515305607
-16.139863967895508	-26.966440200805664	0.109772249403374
-13.066057205200195	35.36784744262695	-0.0509670275919244
8.151690483093262	17.55891990661621	-0.4087481763827612
-9.015007972717285	23.55857276916504	-0.2355438534310891
10.772916793823242	32.36754608154297	0.0921307723980214
1.7069628238677979	9.111919403076172	-0.1009749353908022
21.53873062133789	30.41905403137207	-0.4845701409296497
-23.473121643066406	31.450679779052734	0.1943775969871177
-29.600942611694336	-0.008276511915028095	-0.8705709478500302
-11.845891952514648	-16.132892608642578	-0.0370260575737617
-0.025276094675064087	18.935731887817383	-0.7329762367286188
-22.56760597229004	-0.4761756956577301	0.2223091268492464
9.412031173706055	-12.387961387634277	0.3632763338901271
-18.156299591064453	-11.816274642944336	-1.1868763479998357
-18.59929656982422	-23.44529151916504	0.0273531821914718
16.166893005371094	-16.15413475036621	-0.4255214620416401
-19.32819175720215	-5.059691905975342	-0.2713012488105085
36.90433883666992	-1.3836885690689087	0.2875379696673104
17.024364471435547	20.77747917175293	0.0508792710682521
-7.6706037521362305	18.341873168945312	-0.3130823233399948
8.808645248413086	20.132417678833008	-0.6624661291064282
-5.005163669586182	42.07434844970703	0.533917049625878
22.405860900878906	-22.335073471069336	-0.6550809952853994
17.855358123779297	9.406482696533203	-0.0998968001690673
0.4776462912559509	21.61993408203125	-0.519580015410768
-16.49831199645996	13.57953929901123	-0.1307800964101499
2.6675405502319336	-3.1925876140594482	0.3067487770350048
7.416563034057617	33.08775329589844	0.2191496960832874
-12.960728645324707	-25.584768295288086	-0.0492031806554131
21.997835159301758	-10.76434326171875	-0.2236784662706554
37.06575012207031	-9.445398330688477	0.2841235050807891
-12.484718322753906	10.835121154785156	1.4434946658148835
-14.817028045654297	12.54824447631836	0.2484029353062486
4.015827178955078	-14.412984848022461	-0.0820829288766875
8.255550384521484	-6.092285633087158	-0.6504645780458167
-22.71719741821289	-29.752338409423828	-0.0652669994800598
-23.055580139160156	13.781231880187988	0.0810236424465692
0.8251261115074158	-10.662060737609863	0.0130727499999196
13.855907440185547	-29.527475357055664	-0.3836683429008617
21.002782821655273	-3.242382764816284	0.3022123900755613
-23.132535934448242	21.963756561279297	-0.4224027194582907
-34.795928955078125	-5.914699554443359	-0.2936082505965557
-1.267796277999878	11.952808380126953	-0.3367553776992742
0.19905734062194824	16.977867126464844	-0.1468210716538842
-17.561954498291016	-19.552440643310547	-0.5079684339639207
-19.370546340942383	0.8638219237327576	0.2144202545511798
-7.376615047454834	-34.12178039550781	-0.3103785855379737
-17.337385177612305	17.667972564697266	-0.1955001674072301
-33.24909210205078	13.903690338134766	-0.1304171769990219
-10.93470287322998	-46.29023361206055	-0.2393696424015295
24.41716957092285	-2.828075647354126	-0.1351206232575755
20.95615005493164	27.136302947998047	-0.2838434632498175
-10.428693771362305	-46.72268295288086	-0.2399833990816909
2.879944324493408	-36.299015045166016	-0.4794941393790348
20.40043830871582	-22.153249740600586	-0.6812488773064825
6.484311103820801	-24.952699661254883	-0.2583522468585177
6.160059928894043	15.265146255493164	-0.1506451034114777
1.220044732093811	2.1848926544189453	0.8517673761134402
-14.481528282165527	-7.806615352630615	-0.0711286871627967
31.490835189819336	14.499747276306152	-0.5690558117400852
10.411974906921387	-4.956369400024414	-0.5592601607628125
3.16141676902771	18.848649978637695	-0.318333792544422
-12.531001091003418	37.01889419555664	0.7898250895754735
22.514179229736328	20.070911407470703	0.4907292031591665
-30.340553283691406	-2.9913840293884277	0.371708313465545
-1.7160903215408325	35.381492614746094	-0.4012592886807126
-12.266094207763672	9.149441719055176	0.3407192467589466
-36.07577896118164	-17.46210479736328	0.4604798735106291
-18.802547454833984	-21.63113021850586	-0.0272210226998646
9.649673461914062	-13.72427749633789	0.2423615162675999
-29.779293060302734	19.508380889892578	-0.9544559917918192
-23.47446632385254	31.453004837036133	-0.582449377032653
-14.462210655212402	-7.776014804840088	-0.5467799254609634
-12.034811973571777	3.3091423511505127	0.0244783384482893
-27.81240463256836	26.15850257873535	-1.3969998085192323
11.873258590698242	2.3541693687438965	-0.4390708729460763
-11.752776145935059	-10.92973804473877	0.8676539180678637
-34.40628433227539	-22.135650634765625	-0.55795890470609
0.2821163535118103	13.388715744018555	-0.4505664999123955
-11.65091323852539	-46.67451477050781	-0.3202982067374713
-22.24901008605957	4.336318492889404	0.3510720638880754
11.283941268920898	-3.5010597705841064	-0.1264150172233698
29.164091110229492	2.6842200756073	0.4501911554687848
-1.182310700416565	-23.13652992248535	-0.5499763299619365
-17.0257511138916	33.67289733886719	0.4459408584964486
10.29218578338623	-28.504749298095703	-0.0629879152450598
21.084728240966797	35.397247314453125	-0.2084389143887934
-4.251460552215576	32.93233871459961	-0.2723571249834223
26.775604248046875	31.280059814453125	0.2529901729375532
7.588778495788574	29.28723907470703	0.1040552582092152
-3.9267654418945312	-6.433013916015625	-0.2299012384062622
-7.31657600402832	-28.044557571411133	-0.212129389806844
-0.8265111446380615	7.285667419433594	-0.33717042707773
-17.33062744140625	-30.729698181152344	-1.240129224323767
30.38701057434082	-7.75264310836792	-0.2276838178879197
-21.574176788330078	-7.290081977844238	-0.5143877074664607
-19.149011611938477	-29.490419387817383	-0.6122500371712242
-17.979869842529297	-14.93898868560791	0.7503996172558104
-10.737931251525879	13.603752136230469	0.9905749960764574
26.619247436523438	-16.305551528930664	0.1462925318147992
-5.702605247497559	-18.256046295166016	0.0899218051221856
-9.903499603271484	28.04183006286621	0.0523843969111333
-0.43740907311439514	36.37078857421875	0.0439263716141614
-21.226808547973633	-17.907182693481445	-0.18802115666514
-3.30222225189209	20.84148406982422	-0.3261007250478564
-17.499473571777344	8.967588424682617	-0.4285364774089376
-2.285353422164917	21.211780548095703	-0.2703645181190932
25.7625675201416	9.6509370803833	0.2018346365277248
-26.424602508544922	26.366491317749023	-0.2849100566457672
28.991262435913086	-5.32495641708374	-0.1911280727946082
-33.86826705932617	13.071235656738281	-0.4369872420694096
-16.716690063476562	32.948081970214844	0.1714696012274391
-26.795650482177734	-0.8856163024902344	-0.7072803265902146
16.90324592590332	11.04525375366211	-0.2907945169960776
-2.0744779109954834	10.516695022583008	-0.1000014812147528
-8.772846221923828	3.3262593746185303	-0.3299730429139809
-16.664852142333984	0.3590693771839142	-0.2873882789085555
-5.85087776184082	-54.77813720703125	-0.2526805691943953
11.969276428222656	31.935352325439453	-0.0513437610988552
15.07646369934082	23.083179473876953	-0.3217822747732816
10.12939167022705	-36.06451416015625	-0.0887139289370382
8.251887321472168	25.65062141418457	-0.3590363968727078
-0.601490318775177	36.221717834472656	0.0599832224025595
-11.965877532958984	-17.986215591430664	-0.4645244211886138
27.939517974853516	-22.783931732177734	0.3892024065895066
21.4411563873291	31.994295120239258	-0.4556341180444497
21.34830665588379	5.335620403289795	-0.447075632858645
-26.74677085876465	1.2085411548614502	0.2295383511370674
16.53718376159668	26.434904098510742	-0.6788043730621622
28.733592987060547	-8.966435432434082	-0.4939580635492485
-14.368094444274902	28.34888458251953	-0.381998412181507
-8.2203950881958	23.743799209594727	-0.1140349652329976
21.75869369506836	-12.923362731933594	-0.5933868427774969
26.783309936523438	30.742891311645508	-0.4535028200825123
-23.637561798095703	-39.91313171386719	-0.9147469474594192
-6.267967700958252	6.164486885070801	1.00413038611233
21.461885452270508	36.259971618652344	-0.0186477815811371
-19.78059959411621	-31.674320220947266	0.3735259275170513
15.981964111328125	-15.546536445617676	-0.5503244383794806
-22.345949172973633	-24.785690307617188	-0.4133628093894723
6.395266056060791	-12.719189643859863	0.0272751403440768
29.12464141845703	-1.587312936782837	-0.3763468016127664
-23.823558807373047	-39.80741500854492	0.5659843926192972
3.212167978286743	-9.809134483337402	-0.3268490220054596
11.104066848754883	-8.61287784576416	1.3945696482808
-18.0179500579834	-12.681824684143066	-0.5880263268592213
6.171226978302002	33.10093307495117	-0.0997475795311273
-10.946484565734863	-14.1458740234375	0.4755350074649817
-7.182295799255371	-36.53037643432617	-1.0558154861246745
21.4832706451416	-25.195390701293945	-0.7133864595077241
30.068254470825195	36.007965087890625	0.019967549384121
15.219338417053223	-0.5092391967773438	-0.3075019180338557
28.8958797454834	20.617904663085938	0.1240560655200165
-11.28207015991211	-47.32991027832031	-0.3623696049655272
-1.3645200729370117	-13.345967292785645	0.2803020051678672
25.244844436645508	-7.605843544006348	0.0327724155586854
-28.235143661499023	-9.792972564697266	0.9646539127372994
2.572786331176758	4.292044639587402	-0.2693584074062264
-5.627000331878662	26.778120040893555	-0.0577893364927036
-0.024193692952394485	14.762240409851074	-0.390877143158337
20.486236572265625	6.722805023193359	-0.3549436588494969
12.190340042114258	20.05282974243164	-0.1395564424914874
3.3861331939697266	-21.547592163085938	-1.202357994348405
15.111008644104004	7.769168376922607	0.1454111504638873
-26.557899475097656	6.758428573608398	0.3641537036475566
-26.38620376586914	-9.459982872009277	0.1830484110528681
-10.12658405303955	6.274786472320557	-0.310186729247321
-5.3383564949035645	-9.074675559997559	-0.2695321076769567
-13.223201751708984	-19.939455032348633	-0.2970679666209614
26.509687423706055	12.896982192993164	0.0434404100673661
3.923361301422119	11.026269912719727	-0.2070372000143799
19.66893768310547	12.486454010009766	-0.0703965583827847
29.505571365356445	6.032876014709473	-0.6130241366661923
11.197103500366211	10.76826286315918	-0.7330676227415385
27.9045352935791	9.945249557495117	-0.0283449842900825
-12.292914390563965	35.84588623046875	0.9979677302408828
-13.3645601272583	14.388630867004395	0.0853127581677667
27.916467666625977	-22.77937889099121	-0.285290543435043
12.277974128723145	30.763721466064453	-0.1964316706499234
-7.262251377105713	23.22510528564453	-0.274259062792769
16.34843635559082	-10.893555641174316	-0.5189170966083322
-5.436990737915039	29.007774353027344	0.4630242888889129
38.12422561645508	16.229389190673828	0.1040178301530423
34.2840576171875	-16.727964401245117	-0.2498014374539592
11.00581169128418	20.468042373657227	0.0768284505845648
15.067878723144531	15.705724716186523	-0.4813640517998564
6.627400875091553	19.435972213745117	-0.2784629913435083
-10.754939079284668	-15.980100631713867	-0.2523216475764651
-3.6537020206451416	-26.0562801361084	-0.1840530583358474
18.531904220581055	38.21492385864258	-0.445525486265941
7.488204002380371	-1.1301002502441406	-0.4416468196601745
-16.982927322387695	-18.540199279785156	0.0389387483641517
3.1673569679260254	44.911922454833984	-0.660451984749974
5.311959743499756	7.5325846672058105	-0.4170141932844458
-20.899267196655273	-26.514358520507812	0.1898048325085691
-11.015656471252441	2.6967928409576416	-0.1255977008812552
15.184803009033203	-21.277612686157227	-0.9450091553308289
-26.732505798339844	-2.107480525970459	-0.8573574822177102
-21.503637313842773	-7.199802398681641	-0.3415600207896438
-7.444530010223389	-1.6047369241714478	-0.542739295718094
28.393156051635742	29.6556396484375	0.0240468465398627
-16.640056610107422	-54.97509765625	-0.347536051487862
-15.030170440673828	24.326772689819336	-0.5620722473536058
-2.9469797611236572	0.5302301645278931	-0.5764228301514549
17.072124481201172	7.528591632843018	-0.1103735721401969
-5.66575813293457	22.733142852783203	-0.3296688713187312
-8.282876014709473	-33.646541595458984	0.3295725298128954
26.615921020507812	-16.339174270629883	0.0447058383321688
-18.984481811523438	6.680968761444092	-0.6220820873554771
-11.46037483215332	-20.547391891479492	-0.0859156028363819
-5.126061916351318	-54.88003921508789	-0.5324440833400269
10.274782180786133	26.181133270263672	-0.4154348067656211
-3.177324056625366	15.20240306854248	-0.3039857490542568
8.203010559082031	15.513699531555176	-0.1958425946017037
-11.619592666625977	35.77865219116211	0.8787499859405752
1.16952645778656	7.713364124298096	-0.2793662273533656
4.480613708496094	29.017759323120117	0.3139003645900252
13.023847579956055	0.16472090780735016	-0.6226951032306572
-5.244777679443359	-54.93223190307617	-0.3540818373204271
-26.179779052734375	-16.63521385192871	0.2670191925498139
-21.358306884765625	-2.09883451461792	0.6249116444376753
-25.390975952148438	-5.371114253997803	0.5251007609012642
15.09265422821045	-21.33489990234375	0.1443331956902999
5.550459384918213	28.006200790405273	0.0145727226989123
2.803184986114502	27.743038177490234	-0.5485745638628885
-1.2324576377868652	30.127437591552734	0.1243830872128291
15.130775451660156	14.618486404418945	0.2908930560010847
6.6937150955200195	-4.100654602050781	-0.5819070625111393
-9.423881530761719	32.949317932128906	-0.9204387570035942
22.057893753051758	-1.32809579372406	-0.4189930086554872
0.4696338176727295	21.583744049072266	-0.5057621397021576
-17.514467239379883	7.505064010620117	-0.2512425923730723
-5.55556058883667	1.10463547706604	-0.0410880885803624
17.569929122924805	4.366667747497559	0.675601347108203
14.83349895477295	19.860515594482422	-0.0689767803047102
4.452481269836426	16.462995529174805	-0.4676620721031125
25.530261993408203	-12.092232704162598	-0.0913100660186748
23.263734817504883	4.686100482940674	-0.4186097324772385
22.19586944580078	11.904598236083984	-0.7460726609336678
17.982954025268555	-6.939663887023926	-0.5949238758718164
5.8825602531433105	21.588621139526367	-0.1891534951022262
2.9756217002868652	-35.445465087890625	-0.696631890798949
-9.513916969299316	33.0891227722168	-1.0052791555316312
-25.66779899597168	15.277209281921387	0.0754218593305793
36.91036605834961	-1.3810158967971802	0.2772143890651727
-12.651290893554688	20.007123947143555	0.0507104577752261
18.81200408935547	0.9417116045951843	-0.5280447135159088
-16.027936935424805	17.212112426757812	-0.0795960193844203
-21.968595504760742	-18.44654083251953	-0.1688212469435296
19.40236473083496	12.858805656433105	-0.1806859855428114
-21.251846313476562	-12.376806259155273	-0.5135880368747833
5.198575496673584	36.93020248413086	0.4998440792907485
-5.473450183868408	0.2503267228603363	-0.54523333551276
-6.018948078155518	20.840749740600586	-0.2333199419623355
2.3944625854492188	-20.024377822875977	-1.14558063563375
-2.0855653285980225	-42.370304107666016	-0.2264526727670549
-34.675350189208984	-7.068419933319092	-0.3521686203267503
-3.05501127243042	17.893850326538086	-0.4588639323813484
-27.951213836669922	8.717846870422363	0.1090546855092705
12.395108222961426	0.20681165158748627	-0.57439999222817
-27.59817886352539	9.187553405761719	-0.7070552825377985
9.147970199584961	-2.677859306335449	-0.5100413927709633
21.61514663696289	9.518037796020508	0.6338177805675772
-27.150550842285156	-9.565298080444336	0.5831754731117561
1.4884175062179565	13.174334526062012	-0.2774823701628108
6.410778999328613	23.596017837524414	-1.1278687883965417
-8.261730194091797	-33.6140251159668	0.3700357773372495
17.167226791381836	6.840094566345215	-0.3327682051358738
17.126117706298828	20.909244537353516	-0.1191171635530262
-13.80019760131836	7.539493083953857	0.1867703753267638
38.0085563659668	-8.677191734313965	0.6765689277889053
21.850933074951172	7.286928176879883	-0.4120992787576418
2.77803373336792	7.657351493835449	-0.5045769549397582
23.95667839050293	-5.856022357940674	0.0252280997858716
-21.48491096496582	-1.7763410806655884	0.4970907818451624
-10.588446617126465	-27.055267333984375	-0.8871299208605448
16.264541625976562	2.700892925262451	-0.0414797881043422
-14.220263481140137	-9.824979782104492	0.3910721671406713
-16.992143630981445	-14.382155418395996	0.104880599415059
9.649577140808105	15.360774993896484	-0.6355817834674022
19.299283981323242	-9.282757759094238	-0.270449305879419
23.989999771118164	-5.7637038230896	0.1916112778533079
23.556795120239258	-11.923800468444824	0.2115584742164482
-26.678081512451172	-20.799243927001953	0.4450108268762068
30.62038230895996	18.171100616455078	0.4087782134209136
-6.066381454467773	-43.186885833740234	-0.173397460416173
16.998353958129883	38.77828598022461	-0.5445852864920107
7.892030239105225	4.069115161895752	0.3301455589947971
12.667312622070312	-12.813396453857422	-0.1548606612833984
-1.9288333654403687	-0.649856448173523	1.1680951132647297
-1.198431134223938	1.1422555446624756	-0.1406886272772516
10.97960090637207	41.34471893310547	-0.4321282599986746
16.957073211669922	-30.29723358154297	-0.3213930044266242
-1.9978445768356323	14.117390632629395	-0.3365616722646
10.74517822265625	36.22865676879883	-0.1786445389424607
16.27181625366211	29.087461471557617	-0.1621036428807286
-13.76047420501709	24.34067153930664	-0.357603665879376
-8.831056594848633	-49.131446838378906	-0.0462759964066781
-29.629302978515625	-0.0019208244048058987	-0.38871115036549
-22.292545318603516	15.339469909667969	0.1639380696635043
19.400056838989258	4.561387062072754	-0.6881629247582017
-13.961579322814941	24.347877502441406	-0.2273756167861805
14.9005708694458	32.11600875854492	-0.9366411239943198
-22.31560707092285	24.10594940185547	-0.2948303673062182
5.0622878074646	22.586097717285156	-0.3895875054624784
10.638548851013184	-0.49154171347618103	0.1610423106162348
30.54195213317871	14.051422119140625	0.0385676876885813
18.727516174316406	25.140169143676758	-0.2218638391761524
-9.03920841217041	-7.993305206298828	0.0187801624190472
-2.4389851093292236	-23.776777267456055	-0.1458610473258602
13.305608749389648	-8.936262130737305	-0.5352091844772155
25.181884765625	21.29234504699707	-0.5051001762332784
22.680992126464844	37.21415328979492	-0.1368111746658478
-18.646358489990234	-19.288673400878906	-0.3136089626604854
5.058192729949951	-6.978039264678955	-0.4540773657404375
8.593750953674316	-24.046241760253906	-0.1370577383362905
-27.865413665771484	-9.55785083770752	1.188268812098516
1.8903250694274902	29.935291290283203	-0.3272273097469523
1.5669821500778198	4.855597019195557	0.1701177045500753
-7.478461265563965	-27.999868392944336	-0.1557989155120742
15.448927879333496	-25.456430435180664	-0.6692297882786798
4.023115634918213	20.94057273864746	-0.1729456172047775
7.02731990814209	-8.404376983642578	-0.6966649053713592
6.232234477996826	12.482583999633789	-0.7540808614209187
21.371192932128906	-25.556798934936523	-0.8576027268855813
-8.201565742492676	20.833900451660156	-0.6139509019050117
-6.0555739402771	-54.739471435546875	-0.1682600052545051
-25.073556900024414	1.0477548837661743	0.773260159791732
-17.315309524536133	13.592020034790039	1.0839485984562016
1.1295114755630493	-17.979236602783203	-0.5691352349849035
-21.87134552001953	15.989283561706543	-0.3959493679882557
12.932826042175293	25.76129150390625	0.105460714736571
-12.420686721801758	-47.06336212158203	-0.2147618891456629
3.597874641418457	-21.000629425048828	-1.0928415808008882
1.0375500917434692	-17.861051559448242	-0.5578630237009745
-17.260486602783203	-55.0511589050293	-0.4598828240810693
8.378071784973145	22.082609176635742	-0.8305779023121767
1.4221827983856201	-1.4643412828445435	-0.1436544546947961
11.629924774169922	13.461193084716797	-0.4146503374696063
13.302396774291992	10.613221168518066	-0.2895733273013044
-27.48765754699707	-10.378467559814453	0.6461540135033648
19.7305965423584	34.92615509033203	0.1077831188927106
25.82582664489746	12.035943984985352	-0.3754662560277654
-7.529351711273193	12.545961380004883	-0.1152396451414967
-3.0465681552886963	-7.278663158416748	-0.1324505576340371
10.113980293273926	-36.059139251708984	-0.0092728809862618
20.729896545410156	2.7392892837524414	-0.4806319034711774
26.49467658996582	0.2557593584060669	0.464381774248414
0.7894420623779297	27.307851791381836	-0.0655815155804827
-26.728986740112305	-15.908968925476074	0.4196473217570144
-20.940948486328125	17.15874481201172	-0.7668149023213893
20.067771911621094	8.644000053405762	-0.075407892147087
-2.5782251358032227	-7.988284111022949	0.0538306427141289
3.135223627090454	-34.79692840576172	-0.8877004235985267
30.63075828552246	-0.7617717981338501	-0.4706702385310857
-0.8889884352684021	6.679545879364014	-0.2919321907184895
1.809515357017517	46.32883071899414	-1.342863383286905
-11.262236595153809	-7.484997272491455	-0.2240912924545016
22.548994064331055	-22.31697654724121	-0.7939377652667258
21.627397537231445	-24.306705474853516	-0.8201670867032625
15.738412857055664	0.5695793032646179	-0.4391009573631574
-7.900214672088623	7.924161911010742	-0.4469873016852482
10.983826637268066	41.33222198486328	-0.2532581301992756
15.058589935302734	-5.607448577880859	-0.6614776451370491
-8.873775482177734	-11.63809871673584	-1.2933404893976332
8.936527252197266	5.278952121734619	0.2991393703468301
16.855093002319336	13.291241645812988	-0.638255664757275
-35.43000030517578	-20.362197875976562	-0.4488497024963456
15.289230346679688	-8.10621166229248	-0.554736682633404
1.8078800439834595	-20.918590545654297	-0.4402159784207529
14.65981674194336	34.565574645996094	0.0317872770306307
36.888065338134766	-9.070586204528809	0.5719087906803328
30.286510467529297	23.119064331054688	0.1344227713493251
23.378995895385742	33.42508316040039	-0.2510602509427335
-10.182226181030273	12.053485870361328	-0.4488199172541223
5.310318470001221	33.343894958496094	-0.2806401928727461
31.975738525390625	28.508241653442383	0.3993534016537991
-34.65214920043945	-20.489398956298828	0.2722771039296255
8.224610328674316	31.039644241333008	0.4044686973214361
4.291162014007568	-21.084346771240234	-1.256666225713317
-26.567073822021484	8.522440910339355	-0.3471681127697682
-22.395132064819336	15.086204528808594	0.0327221743578656
23.146406173706055	25.52402114868164	-0.2407471130410791
-17.346309661865234	34.54035949707031	0.6165071671755864
-1.6494160890579224	12.204904556274414	-0.2375767391999644
34.116764068603516	-17.81511116027832	-1.1209157659857762
1.7762547731399536	46.33164978027344	-1.366003431651657
-1.9371010065078735	-14.699438095092773	-0.2678437841802094
-12.965108871459961	-2.162698745727539	-0.0632162557503013
-11.077451705932617	-7.648540019989014	-0.4737766776981725
-27.470121383666992	-11.422182083129883	0.0236263318524282
-15.37195110321045	-17.304683685302734	-0.4141980008689495
11.3621187210083	22.937240600585938	0.4268523854025529
-6.254066467285156	17.382095336914062	-0.2255393049891221
-11.737207412719727	10.367265701293945	0.5582490637841035
11.3097562789917	23.062814712524414	-0.1850454618640293
1.6156628131866455	0.5259369611740112	-0.855770053259976
-8.8903226852417	-49.12382888793945	0.0498870324862262
8.185787200927734	-18.644344329833984	0.2784707007794605
19.27054786682129	11.138396263122559	0.3379045376776503
2.965198278427124	-35.44712829589844	-0.0517992491996803
-4.012520790100098	26.427762985229492	0.1581101252769118
-17.15044403076172	-17.10375213623047	-0.4722110715286664
-16.2053165435791	-15.856639862060547	-0.1709256796995351