x	y	cluster	word
-19.60915756225586	26.132265090942383	1	?
-13.84508991241455	-10.370984077453613	2	'
-10.126429557800293	31.51303482055664	10	his
-13.989165306091309	-23.574642181396484	4	[
-17.976022720336914	26.748998641967773	1	great
9.68304443359375	-9.170663833618164	4	views
7.763129711151123	12.191424369812012	5	game
-9.160184860229492	31.292118072509766	10	man
-12.255706787109375	30.25746726989746	10	against
-12.443861961364746	-15.513673782348633	2	Of
-6.227531909942627	17.227807998657227	5	team
20.365175247192383	32.197078704833984	3	God
-23.538686752319336	-15.759135246276855	2	From
-0.9506898522377014	30.182085037231445	1	power
-1.5115190744400024	-5.140266418457031	8	United
-33.519344329833984	2.5038375854492188	7	John
32.47115707397461	-9.111573219299316	4	£
-2.078848361968994	19.390256881713867	4	points
10.520848274230957	11.303614616394043	5	games
14.276798248291016	-27.8104190826416	0	Internet
-22.516637802124023	-14.353302001953125	2	Great
-13.82653522491455	1.2620593309402466	3	His
36.263694763183594	-16.806682586669922	0	Windows
19.674299240112305	-12.843037605285645	4	Re
29.774959564208984	-7.823774814605713	4	OF
-2.2125656604766846	-15.210931777954102	4	C
-34.789730072021484	2.664458751678467	7	David
0.6405519247055054	-4.592752933502197	8	San
10.286252975463867	-29.175819396972656	0	Google
-12.708972930908203	28.4921875	10	guys
-11.979175567626953	29.278974533081055	10	guy
-15.409701347351074	-4.296535015106201	7	Mr.
-17.066669464111328	26.454818725585938	1	general
-13.558601379394531	-19.39651870727539	2	Part
19.913311004638672	15.018219947814941	1	security
-0.4777078926563263	-4.131142616271973	8	St.
-35.212215423583984	2.022390842437744	7	James
-10.41800308227539	-17.346420288085938	2	Green
5.782670021057129	13.115925788879395	5	players
-11.135697364807129	-18.638322830200195	9	General
-32.62294387817383	2.2043864727020264	7	Paul
-0.5324615836143494	-21.60987091064453	9	Power
5.5448150634765625	14.396921157836914	5	player
-16.09781265258789	27.0042724609375	1	according
-43.448036193847656	5.698465347290039	7	Michael
-10.57882022857666	21.26070785522461	1	build
5.164103984832764	28.777156829833984	10	war
10.241582870483398	-24.972705841064453	9	System
-3.5301802158355713	29.704816818237305	10	land
7.412062168121338	-3.6484384536743164	5	Game
-23.150724411010742	-16.124462127685547	2	Back
14.562285423278809	18.943510055541992	1	band
-9.983057022094727	21.676851272583008	1	built
-8.045854568481445	32.10770034790039	10	himself
-5.559589862823486	-14.003217697143555	2	II
-18.392436981201172	-11.919361114501953	2	King
-21.526050567626953	24.7891902923584	2	Will
14.253355979919434	-10.39885425567627	4	No.
33.11164474487305	-20.328327178955078	0	Software
-3.3173704147338867	-15.626906394958496	4	D
-18.766521453857422	-12.603972434997559	2	Man
9.000311851501465	-19.313806533813477	9	Series
-5.610244274139404	-6.792561054229736	2	War
18.41376304626465	-9.509920120239258	8	St
19.19986915588379	11.862544059753418	1	solution
-35.965023040771484	4.096646308898926	7	Mark
-31.73107147216797	-2.32446026802063	7	George
20.548006057739258	-14.86527156829834	9	Security
21.08705711364746	31.955814361572266	3	Jesus
34.88795471191406	-19.033449172973633	0	Microsoft
-1.182757019996643	21.592124938964844	1	pass
27.689559936523438	12.472487449645996	1	engine
6.925798416137695	-1.4022678136825562	5	Sports
-1.7744131088256836	-4.63370943069458	8	England
3.5928921699523926	16.054101943969727	5	fans
-11.666412353515625	24.398197174072266	1	charge
-33.582584381103516	-0.28987929224967957	7	Robert
-25.268234252929688	-9.76483154296875	7	Brown
15.807867050170898	-14.402999877929688	4	W
11.844451904296875	-28.306955337524414	0	PC
-13.190264701843262	-14.44322395324707	2	Old
0.014448744244873524	-9.504161834716797	5	Team
-4.425194263458252	20.741731643676758	1	fan
-29.35968589782715	-21.81218147277832	8	Chicago
-28.057209014892578	-7.068160533905029	7	Bill
3.103813886642456	19.082706451416016	1	trade
2.637220621109009	27.828340530395508	10	fight
-16.21336555480957	-4.221404075622559	7	William
-41.55170440673828	-0.9896021485328674	7	Chris
-14.884353637695312	-29.16714096069336	4	200
6.440498352050781	16.806865692138672	1	ball
0.5340507626533508	-5.278420448303223	8	Bay
-46.626708984375	8.121588706970215	7	Smith
15.832023620605469	24.93709945678711	10	military
-43.64431381225586	0.01259896345436573	7	Mike
33.26011657714844	-19.202070236206055	0	iPhone
-7.602781772613525	28.895883560180664	10	poor
20.6231689453125	31.102325439453125	3	Lord
-13.327093124389648	29.19550895690918	10	led
10.91495132446289	17.303165435791016	1	construction
4.477049827575684	15.254863739013672	5	sports
-9.335233688354492	29.5671443939209	10	dead
-16.363462448120117	-16.22849464416504	2	Rock
-30.080514907836914	-4.2695183753967285	7	Thomas
3.4792897701263428	-14.465014457702637	2	Quote
-28.992870330810547	-3.1223106384277344	7	Peter
-5.691686630249023	3.705587863922119	4	d
-0.3797589838504791	-11.043420791625977	2	Super
10.080299377441406	-27.671310424804688	0	User
2.975062131881714	13.594812393188477	5	teams
-12.981165885925293	-28.53643798828125	4	500
12.979267120361328	-8.397238731384277	4	vs
-10.223800659179688	27.938501358032227	1	respect
-0.9107253551483154	-19.58278465270996	9	Box
27.75448226928711	-18.60053825378418	9	Pro
-42.10247039794922	1.650093913078308	7	Joe
-39.25221252441406	0.9594947099685669	7	Tom
-2.580862283706665	-15.190288543701172	4	R
1.2301416397094727	19.601720809936523	1	records
2.1466691493988037	28.660381317138672	10	attack
21.4090633392334	32.1583251953125	3	Christ
-13.49228286743164	30.230506896972656	10	beat
-37.75175476074219	-7.345032215118408	7	Johnson
-33.708160400390625	0.2221439927816391	7	Richard
6.999454021453857	9.767190933227539	5	football
-2.1735618114471436	-8.95685863494873	2	vs.
11.043990135192871	27.985488891601562	1	century
-0.6169736385345459	19.427047729492188	1	thread
26.23641586303711	0.9406769275665283	6	e
22.95281982421875	29.359134674072266	3	Israel
18.193023681640625	12.398521423339844	1	custom
10.696497917175293	-19.038787841796875	9	Training
-40.62616729736328	-0.5228613018989563	7	Steve
25.359235763549805	11.993043899536133	1	audio
25.3769474029541	-10.952227592468262	9	Golf
-21.07257080078125	25.108810424804688	2	According
26.370698928833008	13.373563766479492	1	driver
-28.99465560913086	-21.79665756225586	8	Boston
30.402572631835938	-1.4928593635559082	6	et
-46.39236068725586	6.351504325866699	7	Scott
5.852420806884766	16.35240936279297	5	score
13.929525375366211	25.269241333007812	10	killed
-1.6979507207870483	24.958017349243164	10	leader
-2.5338950157165527	17.407737731933594	1	manager
-12.421964645385742	-18.02667999267578	2	End
4.753900527954102	-14.987130165100098	2	Wall
-10.398294448852539	23.246200561523438	1	solid
0.25640803575515747	8.97021484375	10	Bush
-35.0416145324707	-0.6144996285438538	7	Martin
1.6728670597076416	26.67120361328125	10	leaders
-14.489567756652832	-29.531496047973633	4	300
4.387038707733154	0.6041665077209473	5	League
-37.2774658203125	-0.6643559336662292	7	Jack
-45.72830581665039	7.743709564208984	7	Jones
9.3216552734375	8.501472473144531	5	coach
2.7636473178863525	-4.417253017425537	8	Jersey
-44.10194396972656	0.7465981841087341	7	Jim
-8.925765037536621	28.234027862548828	10	rule
-11.722883224487305	-16.04391098022461	2	Way
18.426149368286133	-20.268878936767578	9	Auto
1.0298746824264526	28.85509490966797	10	kill
10.680477142333984	-25.428672790527344	9	Computer
8.385478973388672	0.8367246985435486	5	Football
30.416494369506836	-8.247642517089844	4	GMT
-37.93709945678711	-0.18741929531097412	7	Bob
10.437187194824219	-17.341190338134766	9	Bar
-3.0725831985473633	-15.392666816711426	4	G
-31.349573135375977	-3.1049952507019043	7	Charles
-42.34983444213867	9.00614070892334	7	Jackson
27.97658920288086	13.956231117248535	1	repair
-10.02708625793457	-5.3768792152404785	7	W.
26.56359100341797	-18.98162269592285	9	Audio
-1.3938807249069214	22.17348289489746	1	quote
12.3714017868042	-13.41063404083252	2	Dog
24.069732666015625	9.90552806854248	0	install
28.32992935180664	-17.64389419555664	2	Forums
-7.048668384552002	-14.783120155334473	2	Master
26.569637298583984	18.728090286254883	1	guitar
7.801386833190918	20.852407455444336	10	defense
-6.728761196136475	1.9359158277511597	4	O
-5.809238433837891	4.6435627937316895	6	o
-0.9543874263763428	-21.757522583007812	9	Standard
12.035052299499512	-27.442806243896484	0	2.0
36.219970703125	-13.091182708740234	0	Server
-2.7851722240448	-15.043184280395508	4	P
12.968603134155273	10.414628982543945	1	golf
-10.970867156982422	29.918195724487305	10	battle
-11.140256881713867	21.80875015258789	1	generation
22.840497970581055	30.51795768737793	3	Bible
-14.525543212890625	-4.314836025238037	7	Mr
-18.22103500366211	-16.872655868530273	2	Head
-5.038971900939941	26.54804229736328	1	master
0.8749759197235107	-20.65216636657715	9	Tech
21.07526397705078	14.223301887512207	1	auto
12.8191499710083	8.736400604248047	10	injury
23.050931930541992	25.46421241760254	10	Iraq
17.104982376098633	18.070138931274414	1	theory
2.076991558074951	19.193511962890625	1	serving
-16.14967155456543	28.099790573120117	1	greatest
-15.087438583374023	-21.92743682861328	0	YouTube
-29.666088104248047	-7.009008884429932	7	Matt
26.721113204956055	-12.921611785888672	9	Oil
15.128000259399414	-12.490296363830566	2	Records
13.62313175201416	-25.02440643310547	9	Tools
-40.45769119262695	-5.012673377990723	7	Ryan
9.245057106018066	-28.465415954589844	0	RSS
-5.568345069885254	-6.770701885223389	2	Army
34.10578918457031	-12.762986183166504	0	HP
15.017404556274414	-21.316083908081055	5	Player
-11.511735916137695	26.591156005859375	1	mark
-28.407358169555664	-20.312015533447266	8	Louis
10.499982833862305	-22.036481857299805	9	Test
-45.70541000366211	2.6451356410980225	7	Brian
-6.434187412261963	2.3981823921203613	4	p.
-5.037598133087158	-13.791082382202148	2	III
23.976333618164062	-18.05704116821289	9	Equipment
-45.41495895385742	4.999320030212402	7	Andrew
15.8499116897583	-10.397675514221191	4	v.
1.702192783355713	25.615331649780273	10	leadership
-4.260034561157227	-18.848243713378906	2	Original
14.085733413696289	16.029356002807617	1	zone
22.482919692993164	-16.710628509521484	9	Engineering
20.07978630065918	16.261253356933594	1	command
32.80923080444336	-7.773494720458984	4	yards
29.670551300048828	-18.499755859375	0	MP3
-22.85202407836914	-15.080617904663086	2	Four
-40.01134490966797	0.5015038847923279	7	Dave
-38.07320785522461	-1.6910037994384766	7	Ben
35.263465881347656	-18.522977828979492	0	Android
11.252092361450195	-13.915995597839355	2	Band
26.97492027282715	-8.75196647644043	2	DJ
-39.337554931640625	-0.7524917721748352	7	Tim
17.562904357910156	13.032651901245117	1	replacement
23.03944969177246	-17.358154296875	9	Steel
0.5613046884536743	-14.495155334472656	2	Message
27.270830154418945	17.384483337402344	1	fishing
-6.547287464141846	-16.236032485961914	2	Force
-6.297304630279541	28.916587829589844	10	committed
-12.990060806274414	-29.3361873626709	4	400
-34.24854278564453	3.35052227973938	7	Daniel
-0.2388840913772583	25.268898010253906	10	camp
-13.468788146972656	24.8288516998291	1	replace
-29.947017669677734	-3.6193883419036865	7	Henry
2.057910919189453	29.10182762145996	10	fighting
6.657690048217773	-22.234901428222656	9	Pack
-6.966485977172852	-10.203628540039062	2	Kingdom
-40.14451599121094	3.96891450881958	7	Frank
24.777427673339844	18.50009536743164	1	beer
-36.55873107910156	-3.079671859741211	7	Dan
0.26787760853767395	-16.70089340209961	9	Wood
22.43218231201172	11.898785591125488	1	remote
3.039716958999634	24.6103572845459	10	youth
-5.988089084625244	-16.81630516052246	2	Trade
22.789379119873047	-18.22134780883789	9	Electric
-28.083826065063477	-3.3843812942504883	7	Joseph
-45.889896392822266	2.036424160003662	7	Kevin
14.368195533752441	29.956417083740234	10	evil
-15.935734748840332	-12.590716361999512	2	Death
-41.20249938964844	-0.8633122444152832	7	Jeff
11.72911548614502	16.060749053955078	1	trading
26.321304321289062	-17.77100372314453	9	Engine
17.354053497314453	-12.440014839172363	2	Vol
35.50370788574219	-20.124845504760742	0	browser
-2.749228000640869	28.5961856842041	10	argument
-12.199469566345215	-20.981801986694336	9	Quick
-32.587059020996094	2.995997667312622	7	Adam
2.6674835681915283	-4.347171783447266	8	Minnesota
-11.953043937683105	-5.613080024719238	7	Chief
-43.12154006958008	7.013818264007568	7	Sam
10.405112266540527	22.18524932861328	10	chief
-42.473548889160156	-0.6157652139663696	7	Jason
-13.076043128967285	1.0056673288345337	3	Father
2.9203860759735107	-19.223430633544922	2	Sound
-13.271332740783691	1.9339464902877808	3	Holy
35.592037200927734	-17.667049407958984	0	Linux
3.2992701530456543	13.262003898620605	5	league
4.230504512786865	-22.022668838500977	9	Speed
-42.37255859375	1.978829264640808	7	Tony
15.294129371643066	-6.866703033447266	6	El
-11.953146934509277	-29.223407745361328	4	250
11.706006050109863	2.1866445541381836	5	NFL
7.139416217803955	-27.756425857543945	4	360
-17.19691276550293	-18.218265533447266	2	Official
4.224197864532471	16.55487632751465	1	sport
25.27836799621582	15.084421157836914	1	motor
-29.987586975097656	-21.18012809753418	8	Dallas
17.830108642578125	-14.870160102844238	2	Volume
10.258541107177734	17.373769760131836	1	gear
13.832109451293945	30.924728393554688	3	god
29.315147399902344	-12.614788055419922	9	Repair
32.86946487426758	-11.410516738891602	9	Battery
-43.84101104736328	4.816961288452148	7	Eric
11.182931900024414	19.02716827392578	1	minor
19.988794326782227	13.695651054382324	1	engineering
-10.01691722869873	-19.66988182067871	4	Max
30.364709854125977	-9.791228294372559	8	Tickets
8.462370872497559	-21.249008178710938	9	Construction
11.637680053710938	-17.834270477294922	9	Metal
-41.278526306152344	1.9875682592391968	7	Alex
5.927100658416748	22.676362991333008	10	victory
-11.236184120178223	31.146411895751953	10	fellow
34.64791488647461	-20.305278778076172	0	OS
-5.695261478424072	3.2257087230682373	4	p
-12.759814262390137	-20.04576873779297	2	Questions
-28.34930992126465	-21.723859786987305	8	Diego
-13.516629219055176	-27.670190811157227	4	51
5.417228698730469	-20.908411026000977	9	Machine
-11.004739761352539	22.156551361083984	1	capable
35.07698059082031	-13.144953727722168	0	Samsung
12.446178436279297	-8.074609756469727	4	v
16.05607032775879	29.07402992248535	10	king
-4.467012405395508	28.460403442382812	1	hundred
-15.159387588500977	27.594213485717773	1	heads
15.04135513305664	22.9920597076416	10	illegal
-35.979061126708984	2.199211597442627	7	Stephen
-18.967817306518555	27.555837631225586	1	Thus
-8.97148323059082	28.851787567138672	10	bear
31.17159652709961	-15.198472023010254	0	Wireless
-14.28696060180664	27.329835891723633	1	passing
-1.2904713153839111	30.212108612060547	1	duty
0.4892614185810089	7.578064918518066	7	Al
-13.671590805053711	-4.952924728393555	7	Jr.
15.114435195922852	24.25295066833496	10	criminal
30.263671875	-2.7699356079101562	6	mi
15.390789985656738	23.672191619873047	10	officers
-41.00107955932617	0.7336704134941101	7	Nick
-2.6736907958984375	25.181798934936523	10	facing
-3.3775057792663574	23.791614532470703	10	kick
19.017749786376953	12.955622673034668	1	manual
-15.316730499267578	-19.8581600189209	2	Notes
5.47476863861084	-5.959156513214111	2	Youth
-14.060117721557617	25.376697540283203	1	ultimate
-12.863274574279785	-13.668774604797363	2	Dead
21.240488052368164	24.855546951293945	10	weapons
-16.74712371826172	29.236696243286133	10	believed
-29.30109977722168	-23.455442428588867	8	Philadelphia
10.096171379089355	8.511265754699707	5	scored
-18.943876266479492	26.343782424926758	1	referred
-20.84721565246582	-16.77159881591797	2	Return
-13.790178298950195	25.838329315185547	1	decent
-4.255753040313721	23.080045700073242	1	crew
9.536192893981934	14.365667343139648	1	draft
6.980105876922607	10.259417533874512	5	baseball
-15.14316463470459	-19.484079360961914	2	Cool
28.983537673950195	14.483498573303223	1	circuit
33.19886779785156	-15.425914764404297	0	SEO
-11.326634407043457	19.259557723999023	0	upgrade
7.926998138427734	9.369396209716797	5	basketball
9.27515697479248	17.785572052001953	1	pro
-32.52840042114258	-4.995909214019775	7	Don
-38.891292572021484	5.042938232421875	7	Ed
9.84377670288086	0.6465389132499695	5	Basketball
23.326801300048828	-17.68260383605957	9	Gas
7.997675895690918	-12.700331687927246	2	Retrieved
-37.63335418701172	-6.609928607940674	7	Howard
26.01480484008789	12.961071014404297	1	printing
-20.521976470947266	-17.01502799987793	2	Future
30.589397430419922	0.6940825581550598	6	van
5.512908458709717	-14.344795227050781	2	Pass
35.66692352294922	-14.184830665588379	0	Xbox
3.7259318828582764	28.319217681884766	10	killing
-4.052587509155273	-10.605796813964844	2	Camp
-46.312904357910156	8.44314956665039	7	Allen
-37.01233673095703	-5.1768622398376465	7	Patrick
25.517993927001953	-12.566652297973633	2	Guitar
-18.645694732666016	-15.332768440246582	2	Major
12.700042724609375	13.996909141540527	1	racing
26.89356231689453	18.52525520324707	1	bass
7.80128288269043	-1.0011838674545288	5	Bowl
-40.4290657043457	1.2567477226257324	7	Andy
-36.66350555419922	-5.0956130027771	7	Anthony
34.094547271728516	-19.50840950012207	0	XP
29.06643295288086	13.402437210083008	1	engines
10.99665355682373	-22.057764053344727	9	Premium
-11.547935485839844	23.68976402282715	1	proven
23.82682991027832	12.737366676330566	1	convert
23.895017623901367	13.309403419494629	1	root
-11.229609489440918	-28.902036666870117	4	600
0.40799078345298767	-22.101757049560547	9	Technical
22.295808792114258	-18.45378303527832	9	Motor
-28.749351501464844	-23.03104591369629	8	Detroit
12.49555778503418	-10.457703590393066	2	Navy
-16.364194869995117	-11.507755279541016	2	Prince
-35.72073745727539	-3.505340576171875	7	Ron
29.683015823364258	-18.90178108215332	0	.0
1.9966228008270264	-16.8033447265625	2	Iron
14.03754997253418	17.0242862701416	1	yard
14.726743698120117	26.535520553588867	10	army
-11.407732009887695	23.05362319946289	1	superior
-46.50889205932617	4.444281578063965	7	Gary
-4.439101219177246	31.42692756652832	1	tradition
-5.624536991119385	25.339391708374023	1	grand
34.33391571044922	-17.851613998413086	0	Java
14.865316390991211	24.881826400756836	10	prison
0.05830947682261467	19.149494171142578	1	scheme
9.496750831604004	-18.834476470947266	9	Sport
24.96782875061035	11.107278823852539	1	gaming
16.829734802246094	22.7479190826416	10	arrested
-11.056296348571777	27.804636001586914	10	favor
-1.1374255418777466	-8.736858367919922	5	Junior
-22.563295364379883	-10.595969200134277	8	Lincoln
1.3955225944519043	23.136512756347656	1	era
8.877668380737305	-11.883711814880371	2	Wars
11.521709442138672	-10.834799766540527	2	Defense
10.308937072753906	-12.04393482208252	2	Military
4.722747802734375	-14.552271842956543	2	Fish
30.766340255737305	-6.834963321685791	4	ft
3.798708915710449	22.029415130615234	10	guard
25.12405776977539	14.069257736206055	1	assembly
-27.399248123168945	-3.2863762378692627	7	Matthew
7.4763994216918945	11.058709144592285	5	tournament
-34.28244400024414	3.8603951930999756	7	Simon
18.613388061523438	23.574670791625977	10	intelligence
21.672210693359375	10.229286193847656	0	developers
20.158618927001953	29.482789993286133	3	Roman
11.046433448791504	-26.04326629638672	0	Applications
8.675497055053711	-19.710622787475586	9	Gear
-11.401336669921875	19.445045471191406	1	setup
30.586170196533203	-7.563472747802734	4	pp.
28.489341735839844	-12.973898887634277	9	Honda
14.088117599487305	27.92205238342285	10	enemy
7.882897853851318	0.2930659055709839	5	Baseball
-39.40791320800781	3.011967420578003	7	Bruce
-29.50231170654297	-7.12050724029541	7	Justin
26.91092300415039	-17.269533157348633	9	Driver
11.22482967376709	2.0994250774383545	5	NBA
-1.7223949432373047	26.249731063842773	10	dude
1.2800281047821045	-4.931938648223877	8	Manchester
7.184056758880615	-21.229516983032227	9	Base
10.197029113769531	-27.762882232666016	0	Users
20.624340057373047	-18.592239379882812	9	Industrial
31.110706329345703	-1.9705870151519775	6	del
-35.82343292236328	-3.2213802337646484	7	Rick
31.68710708618164	-2.857097625732422	6	di
13.24512767791748	8.365766525268555	10	injuries
32.92142868041992	-15.695853233337402	0	GPS
-38.178253173828125	1.8716859817504883	7	Alan
-1.0961660146713257	-14.699535369873047	4	RE
-10.975452423095703	29.219776153564453	10	strike
-4.706811428070068	-11.348346710205078	2	Bear
10.467911720275879	-20.357275009155273	9	AC
-14.080500602722168	-23.50391387939453	4	replies
19.17479133605957	14.531450271606445	1	conversion
-21.222824096679688	-13.98353385925293	2	Ten
16.64279556274414	26.058366775512695	10	soldiers
-36.24197769165039	-7.30866813659668	7	Wayne
23.69840431213379	-15.473846435546875	9	Racing
30.018529891967773	-0.8594142198562622	6	da
31.846529006958008	-9.695272445678711	4	Canon
34.90449523925781	-13.652032852172852	0	Intel
-5.621437072753906	-11.428765296936035	2	Battle
-40.70109939575195	3.2559564113616943	7	Jay
-16.628684997558594	-29.26755142211914	4	77
-16.19623565673828	-28.86510467529297	4	73
-25.300859451293945	-11.294168472290039	7	Guy
27.294748306274414	-17.853195190429688	9	Chrome
28.59072494506836	-13.56116771697998	9	BMW
18.607389450073242	6.384895324707031	7	actor
0.4330917298793793	7.657195091247559	7	Sir
29.4766845703125	-1.3534716367721558	6	le
35.22494125366211	-9.470596313476562	1	batteries
0.2597908675670624	-20.511402130126953	2	Ultimate
11.198260307312012	9.148509979248047	10	offense
-23.18555450439453	-15.259248733520508	2	Six
24.58000946044922	29.977663040161133	3	Jews
-7.745164394378662	32.19883728027344	10	brothers
-2.0544779300689697	24.1450252532959	10	boss
10.241692543029785	18.711963653564453	1	personnel
24.71515464782715	11.503127098083496	1	backup
-12.075173377990723	1.0054476261138916	3	Son
-44.08469009399414	4.8445234298706055	7	Rob
-38.764835357666016	0.5889760851860046	7	Jon
26.72319221496582	0.9703589677810669	6	al
-45.681373596191406	4.147192478179932	7	Larry
12.392134666442871	-27.357099533081055	0	3.0
6.04241418838501	-15.023155212402344	4	Lot
11.766738891601562	8.739423751831055	10	offensive
-11.760785102844238	26.208576202392578	1	passes
-29.02680778503418	-22.669790267944336	8	Baltimore
24.498512268066406	-9.56779956817627	8	MLS
8.601804733276367	20.754505157470703	10	injured
-4.130023956298828	-13.90237045288086	2	IV
-44.96404266357422	1.5597492456436157	7	Greg
-2.92275071144104	-21.528532028198242	9	Universal
-3.180297374725342	19.92313003540039	1	versus
19.41054916381836	11.67561149597168	1	enterprise
9.088235855102539	0.9955482482910156	5	Championship
9.015912055969238	-10.942391395568848	2	Prime
6.761928081512451	-16.02042007446289	4	Score
-30.80350112915039	-21.446256637573242	8	Cleveland
17.214933395385742	14.307838439941406	1	dealer
-6.242962837219238	2.7629406452178955	4	c.
10.490381240844727	-28.24916648864746	0	App
17.90708351135254	25.483503341674805	10	troops
16.494964599609375	28.334959030151367	10	nations
26.13669776916504	-14.825774192810059	9	Toyota
-14.854449272155762	-5.4442667961120605	7	Captain
21.849029541015625	31.454551696777344	3	Christians
12.362286567687988	-12.13527774810791	2	Jazz
12.302926063537598	21.35082244873047	10	hunting
0.43537667393684387	8.83049488067627	7	appointed
-33.3131103515625	-5.4228010177612305	7	Johnny
4.771202564239502	-6.410364627838135	2	Blues
-9.492178916931152	-17.278806686401367	8	Miles
31.800437927246094	-2.6373586654663086	6	du
3.5846590995788574	17.821687698364258	1	pitch
-5.930360794067383	-19.906482696533203	2	Running
-1.805281400680542	8.463949203491211	3	Rome
13.25709056854248	22.108367919921875	10	guns
-8.664867401123047	-14.377507209777832	2	Dragon
-4.069733142852783	-11.500319480895996	2	Oxford
-6.7126784324646	-10.299487113952637	2	Empire
-43.45988464355469	3.340583324432373	7	Phil
-17.014442443847656	28.224205017089844	1	wise
-12.184391975402832	-17.407001495361328	2	Roll
-34.932533264160156	-4.513911724090576	7	Jimmy
-42.665382385253906	4.540551662445068	7	Jerry
-3.9605813026428223	25.588462829589844	1	prime
11.339333534240723	-24.66570472717285	9	Tool
9.690433502197266	-23.295269012451172	9	Manual
34.11930847167969	-14.618136405944824	0	IBM
25.118316650390625	29.22812843322754	3	sin
-27.855804443359375	-21.151302337646484	8	Jose
25.760820388793945	-12.04887866973877	2	Fishing
-32.50179672241211	-1.057706356048584	7	Christopher
1.933233618736267	21.816560745239258	1	translation
-37.82681655883789	-3.661930561065674	7	Sean
-4.261152744293213	4.070760250091553	4	k
6.0836591720581055	-16.158727645874023	4	Points
18.611427307128906	17.085609436035156	1	logic
30.259204864501953	1.329589605331421	6	feat
-39.09238052368164	-2.568713903427124	7	Billy
-1.4345886707305908	20.107637405395508	1	rank
-39.239105224609375	-4.881508827209473	7	Josh
29.358278274536133	12.688089370727539	1	printer
-36.36396408081055	3.044985055923462	7	Jonathan
29.86990737915039	-6.388416290283203	2	Remix
-15.082501411437988	-13.73670768737793	2	Brothers
-9.77134895324707	30.503494262695312	10	hero
13.827330589294434	22.333093643188477	10	combat
35.91130065917969	-12.167119026184082	0	SQL
-2.953854560852051	-4.677971839904785	2	Kings
-39.771095275878906	1.9132113456726074	7	Ken
13.73973274230957	-12.090606689453125	2	Trail
5.250017166137695	20.433746337890625	10	rush
-27.739913940429688	-20.768552780151367	8	Antonio
-1.485559105873108	28.613679885864258	1	evolution
-20.7467098236084	25.334896087646484	4	Given
-29.084850311279297	-20.96530532836914	8	Orlando
-4.907612323760986	21.662639617919922	1	finest
11.664804458618164	-23.326168060302734	9	Build
5.065312385559082	27.069780349731445	10	opposition
-4.574723243713379	29.21530532836914	10	blind
-41.16676330566406	4.127948760986328	7	Gordon
-13.585271835327148	-20.584461212158203	2	Introduction
18.13613510131836	4.524223327636719	7	Governor
11.970449447631836	-20.133310317993164	9	Traffic
-37.55674362182617	0.9211751818656921	7	Steven
-36.30415725708008	-9.016881942749023	7	Franklin
20.314010620117188	10.355835914611816	0	developer
-29.9368896484375	-23.219884872436523	8	Pittsburgh
31.697298049926758	-17.946029663085938	0	Wii
-8.95923137664795	-15.802556991577148	2	Cold
-40.98943328857422	4.681502342224121	7	Russell
-14.312949180603027	-2.1276533603668213	7	Luke
-19.23455810546875	-13.420584678649902	2	Nation
0.37810125946998596	-9.461118698120117	5	Players
20.7168025970459	-11.539629936218262	4	-1
31.771440505981445	-7.001360893249512	4	acres
13.259115219116211	-10.71042537689209	2	Reserve
34.2113151550293	-14.117266654968262	0	Cisco
22.90252685546875	26.680932998657227	10	minister
-25.413238525390625	-11.084029197692871	7	Rich
12.086057662963867	8.416313171386719	5	defensive
26.09128761291504	11.139966011047363	1	controller
-45.56989288330078	5.389361381530762	7	Craig
-2.4401681423187256	29.869674682617188	1	principle
-42.24721145629883	3.3928425312042236	7	Terry
-44.35774230957031	7.00822639465332	7	Roger
22.098154067993164	-15.946133613586426	9	Engineer
6.1850152015686035	-21.062843322753906	9	Solid
12.073174476623535	-14.175434112548828	2	Bass
-12.480057716369629	20.505290985107422	0	enabled
-46.29352569580078	5.145944118499756	7	Keith
22.66103172302246	12.424687385559082	1	chip
23.608726501464844	29.77419090270996	3	Islam
-20.626522064208984	-9.876689910888672	7	Duke
5.9076738357543945	-16.88594627380371	2	Statistics
16.3269100189209	17.50999641418457	1	gate
24.744728088378906	-10.161900520324707	5	Nike
-2.7584404945373535	-23.18718910217285	0	Cloud
-12.667074203491211	20.00583839416504	0	demo
8.9381103515625	-16.034799575805664	9	GM
-14.432554244995117	-5.070627689361572	7	Dick
13.818299293518066	-22.686777114868164	0	Galaxy
-36.15294647216797	-2.3060355186462402	7	Ian
15.445804595947266	17.750431060791016	1	formation
-11.297953605651855	-13.160835266113281	2	Against
29.370906829833984	-0.9998770952224731	6	el
18.554119110107422	22.747182846069336	10	fraud
14.629539489746094	-25.261402130126953	9	Remote
-40.507171630859375	6.366965293884277	7	Aaron
18.05475616455078	3.968951463699341	7	Chairman
-44.511356353759766	7.305051326751709	7	Fred
29.890642166137695	15.464609146118164	1	receiver
18.183494567871094	22.334049224853516	10	ban
-5.832706451416016	23.214555740356445	10	retired
17.425579071044922	4.180839538574219	7	Mayor
22.105398178100586	15.195210456848145	1	pipe
16.83153533935547	21.68056297302246	10	penalty
35.66425323486328	-14.059386253356934	0	PS3
31.380422592163086	-18.229990005493164	0	Nintendo
27.979684829711914	-7.234653472900391	4	ft.
-6.603902816772461	-20.31934356689453	9	Extra
30.94635009765625	-7.559911727905273	4	DE
-6.247797012329102	4.234261512756348	6	ed
0.046545855700969696	-7.966094970703125	5	Premier
-16.833209991455078	-15.104521751403809	2	Tiger
-12.289124488830566	-18.697750091552734	2	Stand
28.292499542236328	-0.23651844263076782	6	un
9.573969841003418	1.767807126045227	5	Stadium
-32.194122314453125	-2.823347568511963	7	Arthur
-18.491487503051758	-16.499114990234375	2	Eagle
-29.88323974609375	-20.62539291381836	8	Buffalo
-42.76040267944336	4.1518874168396	7	Barry
25.756093978881836	19.22752571105957	1	jazz
17.598087310791016	31.0604190826416	3	holy
-38.385799407958984	-4.216840744018555	7	Brad
16.11151123046875	-15.255059242248535	4	Per
7.215789318084717	-15.708032608032227	4	Rank
-15.852429389953613	-29.529356002807617	4	103
11.764273643493652	-13.40694808959961	2	Shot
-6.596973419189453	-16.56250762939453	9	Guard
-4.385796070098877	-9.570786476135254	2	Mario
23.31297492980957	15.905342102050781	1	dealers
7.644232273101807	-18.012487411499023	2	Trading
-2.5222678184509277	-20.20752716064453	9	Heavy
6.994482040405273	-0.43978726863861084	5	Soccer
-15.223150253295898	-18.49468231201172	2	Answer
6.6607441902160645	12.540945053100586	5	scoring
20.27699089050293	-17.77230453491211	9	Dodge
15.134407997131348	28.368696212768555	10	enemies
22.145891189575195	-19.118906021118164	9	Fuel
-41.36464309692383	8.3047456741333	7	Marshall
19.276926040649414	-19.7757568359375	9	Truck
13.905590057373047	-11.473312377929688	9	Upper
13.057334899902344	-25.09919548034668	9	Hardware
-13.280939102172852	-28.918455123901367	4	700
6.036712646484375	29.36579704284668	10	destruction
10.105491638183594	13.742182731628418	1	franchise
-13.680193901062012	-15.370683670043945	2	Revolution
-18.639759063720703	27.00058364868164	1	refers
27.137174606323242	29.87166976928711	3	unto
-15.762735366821289	-29.070383071899414	4	111
-14.415471076965332	-14.143636703491211	2	Leader
-29.736797332763672	-22.607940673828125	8	Tampa
27.53184700012207	14.486407279968262	1	durable
32.173011779785156	-2.073416233062744	6	que
-5.256119728088379	-18.935806274414062	2	Jump
-7.273879528045654	-9.552221298217773	2	Brother
12.648250579833984	23.215669631958008	10	commit
18.420581817626953	-9.68079662322998	8	AL
7.590631008148193	10.09455394744873	5	championship
22.606050491333008	10.509523391723633	0	console
26.01822853088379	15.556866645812988	1	trucks
12.891129493713379	7.418378829956055	5	Indians
11.806085586547852	1.6790677309036255	5	NCAA
-33.114295959472656	-3.7075088024139404	7	Albert
30.210315704345703	-11.644718170166016	9	Chevrolet
27.481401443481445	15.468222618103027	1	conditioning
-41.4471549987793	2.301497220993042	7	Roy
-28.578426361083984	-6.54868745803833	7	Carl
7.495029449462891	18.690292358398438	5	champion
7.09770393371582	-17.568435668945312	2	Hat
30.07579231262207	-15.348920822143555	9	Portable
6.987710952758789	17.03334617614746	1	bench
33.89725875854492	-18.124481201171875	0	JavaScript
6.746753692626953	-13.717020034790039	2	LP
8.379430770874023	-23.13555145263672	9	Maintenance
-3.1404881477355957	-22.181495666503906	9	Problem
11.941950798034668	21.612581253051758	10	wing
11.171113014221191	28.249635696411133	1	passage
9.841497421264648	-13.67420482635498	2	Die
23.35474395751953	18.868671417236328	1	gambling
-36.92230224609375	-7.363125801086426	7	Murray
18.02208709716797	25.32932472229004	10	crimes
-6.508304119110107	-15.127553939819336	2	Arms
-31.22557258605957	-20.407747268676758	8	Columbus
1.0140633583068848	-18.58627700805664	9	Driving
14.614649772644043	19.32343101501465	1	musicians
-46.32756042480469	5.66855525970459	7	Dennis
-3.4346187114715576	18.558748245239258	5	stats
-30.093822479248047	-3.052156925201416	7	Francis
-4.699731826782227	32.1077766418457	3	glory
-13.019484519958496	-19.779062271118164	2	Answers
3.193213701248169	25.399213790893555	10	supporters
-22.613910675048828	-10.309581756591797	8	Jefferson
8.081160545349121	10.159165382385254	5	hockey
-27.299104690551758	-7.545507431030273	7	Marc
-34.642642974853516	-1.6366462707519531	7	Donald
4.73389196395874	24.122655868530273	10	defeat
-34.03586196899414	-1.8387383222579956	7	Walter
-7.19912576675415	21.349035263061523	1	ton
-2.9497241973876953	31.520122528076172	3	followers
13.415074348449707	24.40724754333496	10	arrest
-15.429628372192383	-30.27098274230957	4	160
10.829167366027832	-21.24370765686035	9	Transfer
-0.42115020751953125	-10.312267303466797	2	Match
11.816469192504883	23.59930992126465	10	possession
16.03893280029297	13.458771705627441	1	engineer
8.083658218383789	-0.44022056460380554	5	Tournament
10.08108901977539	-14.033880233764648	2	Theory
4.48940896987915	-19.57334327697754	2	Motion
1.8274978399276733	-14.180865287780762	2	Rule
26.602935791015625	15.93481159210205	1	suspension
-6.690052032470703	26.75542449951172	10	mate
6.830855846405029	11.377433776855469	5	coaches
16.599807739257812	16.274362564086914	1	drum
27.576904296875	-13.855496406555176	9	Laser
5.635704517364502	-21.551034927368164	9	Duty
-0.45120304822921753	20.354625701904297	1	converted
32.32463836669922	-3.022663116455078	6	des
35.014095306396484	-14.767094612121582	0	XML
21.659709930419922	13.132553100585938	1	electronics
-36.90444564819336	-1.249869704246521	7	Chuck
-47.38195037841797	8.503805160522461	7	Robinson
12.74558162689209	25.28121566772461	10	fought
35.15861511230469	-12.610513687133789	0	CPU
23.94908332824707	29.490690231323242	3	Muslims
14.12109661102295	-26.763347625732422	0	Developer
-17.374420166015625	28.238523483276367	1	worthy
27.368967056274414	0.47641393542289734	6	se
-35.48923110961914	-2.237647533416748	7	Neil
-14.0565767288208	-2.4582343101501465	7	Bishop
15.910257339477539	-12.540215492248535	2	Shirt
-4.824542045593262	26.30910873413086	1	composed
-29.226943969726562	-3.528036594390869	7	Philip
2.299621820449829	-16.832077026367188	2	Gun
18.471454620361328	17.25242042541504	1	execution
-41.843299865722656	3.6215715408325195	7	Pete
-44.181331634521484	1.7632004022598267	7	Doug
26.853410720825195	0.7310556769371033	6	con
10.116894721984863	23.802339553833008	10	epic
16.047565460205078	17.444442749023438	1	seal
15.540345191955566	26.668039321899414	10	wars
-14.59573745727539	-2.8085954189300537	7	Samuel
-3.1113436222076416	29.359695434570312	1	reward
-42.6689567565918	1.6255813837051392	7	Danny
-14.924756050109863	-15.295358657836914	2	Late
-15.105026245117188	-17.708032608032227	2	Strong
-39.86879348754883	-6.428041458129883	7	Brandon
4.64946985244751	19.025381088256836	1	tackle
33.432518005371094	-8.846435546875	4	mph
18.01004981994629	4.884439945220947	7	chairman
-17.30814552307129	-13.143837928771973	2	Ghost
-12.859878540039062	30.266019821166992	10	beating
12.020846366882324	-18.684961318969727	9	Transport
-41.19097137451172	-3.713456153869629	7	Bobby
-4.548616886138916	28.788244247436523	1	mere
20.605186462402344	13.646685600280762	1	engineers
13.288326263427734	-12.708646774291992	2	Beer
-14.272997856140137	-16.69282341003418	2	Hero
12.874032974243164	-21.24494171142578	9	Pocket
8.896366119384766	-13.982837677001953	2	Trial
10.561620712280273	2.4491076469421387	5	Sox
23.88016128540039	10.40583610534668	0	computing
5.422525405883789	0.6128800511360168	5	Giants
12.644421577453613	1.6959604024887085	5	NHL
-4.997829914093018	4.651881217956543	6	par
-6.226696491241455	23.280853271484375	10	veteran
23.588260650634766	28.85507583618164	3	temple
19.360837936401367	-17.474245071411133	9	Hire
6.148066520690918	-27.798107147216797	4	1.1
1.936658501625061	-4.684814453125	8	Liverpool
14.56595230102539	17.25617218017578	1	pound
-44.43145751953125	3.69187068939209	7	Jeremy
-16.220111846923828	-29.98154067993164	4	113
-30.44822883605957	-21.822649002075195	8	Oakland
-30.340999603271484	-22.35868263244629	8	Cincinnati
8.276477813720703	-21.23359489440918	9	Garage
11.25749397277832	-16.774940490722656	9	Joint
20.500024795532227	-11.959805488586426	4	MP
-36.767425537109375	-7.931790828704834	7	Stanley
8.895611763000488	0.4673667252063751	5	Hockey
20.71788787841797	23.337942123413086	10	governor
-42.461944580078125	5.198983192443848	7	Ted
2.928043842315674	-17.328155517578125	9	Economy
-16.211450576782227	-16.934728622436523	2	Beat
-1.492672085762024	28.956872940063477	10	revolution
-0.8785589337348938	-10.440946578979492	2	Fans
28.66580581665039	14.633199691772461	1	blade
10.415428161621094	11.96215534210205	5	betting
-1.1617348194122314	-8.964884757995605	2	Champion
21.001951217651367	30.977514266967773	3	Christianity
-20.833383560180664	-9.890342712402344	7	Penn
23.546554565429688	15.84559440612793	1	contractor
10.720930099487305	26.09577751159668	10	tho
1.922168493270874	-18.260540008544922	9	Cap
28.529590606689453	-18.3087215423584	0	Gaming
-4.859439373016357	-13.254700660705566	2	Count
34.148040771484375	-18.73175048828125	0	API
-11.295162200927734	-13.642505645751953	2	Fight
-16.466936111450195	-29.73422622680664	4	119
21.972484588623047	-17.799312591552734	9	Manufacturing
-14.176416397094727	-5.395451545715332	7	Oscar
30.500452041625977	-0.5098212361335754	6	pour
-8.193385124206543	29.2231502532959	10	united
-5.702657222747803	32.152923583984375	3	praise
22.406129837036133	25.93912124633789	10	terrorist
-10.134272575378418	-28.696863174438477	4	1500
13.242330551147461	-9.359286308288574	4	2014
11.766571998596191	-21.385290145874023	9	Button
18.98777198791504	-20.206621170043945	9	Automotive
28.277301788330078	15.790629386901855	1	contractors
24.608943939208984	25.482166290283203	10	province
0.2899145483970642	24.77900505065918	10	elite
7.017116069793701	-19.342639923095703	9	Logo
-2.4617044925689697	-3.9321341514587402	5	Saints
21.845895767211914	30.430797576904297	3	Jerusalem
-4.972059726715088	-14.603269577026367	2	EP
-8.465221405029297	26.025720596313477	6	don
-23.528602600097656	-13.316157341003418	2	Wolf
4.291519641876221	-16.278770446777344	2	Brain
-5.170516014099121	20.700597763061523	1	premier
25.367237091064453	24.906753540039062	10	bin
28.16794204711914	-13.364477157592773	9	Nissan
-41.27492141723633	-3.1334784030914307	7	Jake
20.60570526123047	-16.110488891601562	9	Circuit
27.090925216674805	13.472444534301758	1	lightweight
14.47340202331543	-8.021984100341797	8	Barcelona
-0.49977967143058777	22.854257583618164	1	commentary
-12.74889087677002	26.61078643798828	10	cited
-41.79130935668945	0.6339595317840576	7	Randy
18.97088623046875	-14.469621658325195	2	Documents
6.468575954437256	20.549564361572266	10	rally
-12.308958053588867	-29.563196182250977	4	240
33.827484130859375	-17.274168014526367	0	NET
-39.800411224365234	-5.743273735046387	7	Kyle
8.616171836853027	-11.057355880737305	2	Batman
-16.924856185913086	-17.301855087280273	2	Legend
-11.827940940856934	31.69974136352539	10	tribute
-0.15593072772026062	18.415090560913086	1	charging
0.10300496220588684	-5.109592914581299	8	Montreal
-12.638519287109375	25.512380599975586	1	legacy
19.713726043701172	-13.998188018798828	2	Intelligence
-14.056402206420898	-12.498910903930664	2	Evil
30.304424285888672	-2.3341240882873535	6	der
-28.099061965942383	-23.238204956054688	8	Milwaukee
13.711115837097168	-10.349674224853516	4	SS
-12.520886421203613	-28.647842407226562	4	900
-3.502392053604126	23.53324317932129	1	legend
0.4390316605567932	-7.332001209259033	8	Arena
19.228601455688477	24.454631805419922	10	corruption
16.441865921020508	30.094633102416992	3	kingdom
14.75750732421875	30.489896774291992	3	sacrifice
-12.827372550964355	0.8334836959838867	3	Pope
34.91274642944336	-16.46642303466797	0	plugin
0.5964246392250061	20.030521392822266	10	blocked
5.2399091720581055	17.71708106994629	1	prospects
-40.15361404418945	-2.943030834197998	7	Tommy
11.355462074279785	5.0757060050964355	5	SEC
21.366506576538086	-19.012495040893555	9	Pressure
16.017208099365234	-11.554957389831543	2	Comedy
7.425458908081055	19.436424255371094	10	captain
34.99213790893555	-17.88861656188965	0	iOS
4.249508857727051	14.262357711791992	5	squad
-23.299057006835938	-13.605260848999023	2	Rush
-28.88473129272461	-6.038357734680176	7	Ralph
-45.5679931640625	8.763280868530273	7	Harrison
26.797405242919922	29.784482955932617	3	thou
21.897916793823242	15.713529586791992	1	rod
-1.7147480249404907	-21.259817123413086	9	Built
-1.2068448066711426	26.884559631347656	10	idiot
19.431516647338867	16.318241119384766	1	commands
-9.794347763061523	-18.148452758789062	9	Rod
-7.459522247314453	27.306272506713867	1	genius
4.7368855476379395	0.2962976098060608	5	Eagles
26.96486473083496	-13.396891593933105	9	Contractors
-1.2664657831192017	-10.65377426147461	2	Ticket
9.513117790222168	20.592754364013672	10	defeated
27.22177505493164	29.85580825805664	3	Allah
26.225749969482422	29.657350540161133	3	ye
-11.789665222167969	-28.194538116455078	4	3000
35.16804885864258	-16.98186683654785	0	Firefox
4.908868312835693	-0.0018741494277492166	5	Bears
-18.039794921875	-12.897787094116211	2	Devil
5.358778953552246	23.345853805541992	10	opponents
2.492316246032715	25.700653076171875	10	ruled
6.93589448928833	-3.3075075149536133	5	Draft
-3.9467732906341553	22.838579177856445	1	legendary
28.218647003173828	-12.417643547058105	9	Heating
4.04152250289917	19.56498908996582	1	suspended
9.382080078125	15.313895225524902	1	starter
12.35055923461914	-20.08368492126465	9	Printing
-16.915815353393555	27.54240608215332	1	regarded
-14.068121910095215	-15.977330207824707	2	Lion
24.06153678894043	17.238048553466797	1	rotation
26.50033950805664	12.599539756774902	1	header
-2.8062021732330322	20.138954162597656	1	saves
12.535531044006348	10.09190845489502	5	jersey
-45.75775909423828	6.744735240936279	7	Bryan
27.034408569335938	16.716045379638672	1	brass
13.39754867553711	-27.437685012817383	0	Error
30.182552337646484	1.0670740604400635	6	remix
3.6078014373779297	20.66132926940918	1	prospect
-19.702299118041992	-7.721001148223877	8	Juan
21.055408477783203	30.368741989135742	3	Gospel
13.63818359375	-26.574687957763672	0	Programming
15.99484920501709	28.190216064453125	10	punishment
25.13509178161621	19.48147201538086	1	blues
6.364579677581787	1.1591236591339111	5	Tigers
-22.968669891357422	-12.870619773864746	2	Rocky
33.168331146240234	-10.34786605834961	9	Yamaha
-20.30136489868164	-8.105230331420898	7	Carlos
4.251400947570801	28.174339294433594	10	soldier
-15.44228744506836	-15.733194351196289	2	Guys
-13.6596040725708	27.890113830566406	10	buddy
5.792272567749023	0.8589057326316833	5	Rangers
-39.873695373535156	-2.7225019931793213	7	Eddie
13.172060012817383	16.38266372680664	1	bat
19.26771354675293	26.48294448852539	10	sword
-43.7347526550293	7.753077030181885	7	Oliver
-10.013195037841797	28.752830505371094	10	bears
24.04888916015625	26.78447723388672	10	Syria
-17.604259490966797	-18.743547439575195	2	Highlights
19.291702270507812	-17.644519805908203	9	Doors
25.060178756713867	19.94182586669922	1	drums
7.863167762756348	1.6362015008926392	5	ESPN
-14.78072452545166	-30.059701919555664	4	220
23.66926383972168	26.109783172607422	10	racist
19.379878997802734	26.356292724609375	10	sheep
-4.269443035125732	-20.675010681152344	2	Evolution
19.669525146484375	30.42122459411621	3	verse
10.55808162689209	2.8311121463775635	5	Yankees
-35.247642517089844	3.50573992729187	7	Joel
-11.771607398986816	-21.092504501342773	9	Advance
-3.5317671298980713	-12.46696949005127	4	U.
2.7877278327941895	15.903290748596191	5	lineup
12.465526580810547	-22.40995216369629	2	Command
-10.265875816345215	-15.31731128692627	2	Giant
0.779033362865448	23.621490478515625	10	jokes
-11.628137588500977	-5.640404224395752	7	Gene
-0.20897050201892853	22.118553161621094	1	creator
17.343202590942383	-10.782646179199219	2	Orchestra
16.9237117767334	16.86017417907715	1	restoration
-12.775920867919922	-16.604000091552734	2	Flying
6.281007289886475	25.900985717773438	10	tactics
11.079955101013184	1.495156168937683	5	MLB
-0.7245025038719177	-17.249650955200195	2	Signs
-11.91379451751709	-28.835693359375	4	450
15.426021575927734	17.93160629272461	1	coin
23.078466415405273	25.31580924987793	10	Iraqi
-10.844738006591797	-17.179462432861328	2	Crew
14.31761646270752	27.24024200439453	10	terror
-32.23664474487305	-4.003559112548828	7	Vincent
4.091038227081299	25.115848541259766	10	fights
-33.5248908996582	-3.9612772464752197	7	Victor
10.844573974609375	26.267297744750977	10	sir
9.118548393249512	-0.00563433114439249	5	Athletic
6.726650238037109	20.670595169067383	10	veterans
5.469004154205322	-19.35251235961914	2	Essential
0.915016770362854	-14.46467113494873	2	Numbers
-23.807231903076172	-10.669143676757812	7	Clay
18.271808624267578	5.646262168884277	7	spokesman
4.175613880157471	-0.236620232462883	5	Champions
7.9274468421936035	16.017539978027344	10	recruiting
-37.606754302978516	3.7099664211273193	7	Nathan
32.36088943481445	-19.14533042907715	0	SMS
2.4031059741973877	-0.059982139617204666	5	Lions
7.390338897705078	-27.289628982543945	4	1.4
7.51820707321167	-2.38297438621521	5	FC
25.943998336791992	-15.276684761047363	9	Audi
4.241343975067139	-15.405830383300781	2	Raw
19.239343643188477	-12.36201000213623	2	Marvel
-3.9123260974884033	25.572778701782227	1	pit
-13.52823257446289	0.7188873887062073	3	Abraham
9.138938903808594	10.937725067138672	5	stadium
2.559324264526367	24.88454818725586	10	beaten
29.6494140625	-13.450815200805664	9	Charger
-24.28285026550293	-12.890632629394531	2	Gates
-18.002782821655273	-15.54696273803711	2	Bull
14.55578899383545	-25.563385009765625	0	Install
-12.015810012817383	-15.085700035095215	2	Rise
-3.1937689781188965	26.58142852783203	10	march
29.02877426147461	-8.01793098449707	4	contribs
23.83677101135254	14.74014949798584	1	automotive
-14.419129371643066	28.461528778076172	10	backs
32.07892990112305	-8.496012687683105	4	2d
17.03353500366211	19.15610694885254	10	cheat
-36.66545486450195	-8.817520141601562	7	Troy
9.564874649047852	-9.093225479125977	2	Da
19.59294891357422	22.42862892150879	10	fighter
8.548871040344238	-16.606321334838867	9	RC
7.720208644866943	-27.034442901611328	4	2.4
0.5848487615585327	27.258567810058594	10	heroes
21.163625717163086	-17.06629753112793	9	Chrysler
24.285629272460938	-16.65406036376953	9	Conditioning
-10.72807788848877	-13.841323852539062	2	Heroes
10.199378967285156	25.8170166015625	6	rap
12.0750093460083	-16.82328224182129	2	Drum