x	y	cluster	word
0.48214611411094666	-19.517383575439453	10	her
-0.4891496002674103	-19.52602767944336	10	she
-4.360651016235352	-18.298364639282227	10	She
-20.62741470336914	17.31552505493164	3	~
11.715250968933105	-7.358625411987305	9	women
10.393412590026855	-25.155271530151367	6	beautiful
8.191925048828125	-12.212468147277832	5	class
7.096749305725098	17.09493064880371	8	Health
0.7876377105712891	-27.389436721801758	2	hot
-4.707377910614014	-19.94087028503418	5	couple
4.0710530281066895	-14.593093872070312	5	date
8.095752716064453	-16.366662979125977	5	photos
-0.20416036248207092	-25.194026947021484	2	girl
2.798722505569458	-21.42742156982422	2	woman
12.393906593322754	-8.81694507598877	5	model
0.3266027271747589	-22.216903686523438	5	pictures
14.773177146911621	-16.578838348388672	6	hair
0.534058690071106	-26.59432029724121	2	girls
2.5883164405822754	21.705339431762695	8	Women
24.91199493408203	0.3173871636390686	9	skin
-5.622628688812256	-21.1131649017334	5	wonderful
-7.172817707061768	-18.668537139892578	5	info
-0.2594760060310364	-18.65359115600586	9	mother
24.894681930541992	-12.519941329956055	6	wedding
3.9584197998046875	-18.23845863342285	5	stories
8.051831245422363	-7.468454837799072	9	relationship
-5.095634937286377	26.35468864440918	8	Food
-16.802146911621094	5.088351249694824	4	Her
-13.522855758666992	3.36323618888855	4	Hot
24.992916107177734	-3.3626797199249268	5	rooms
23.08925437927246	-0.34778884053230286	9	cell
11.7693510055542	-13.52480697631836	5	shopping
-31.367263793945312	4.688888072967529	10	Mary
21.01934814453125	2.863186836242676	9	cancer
6.645885467529297	-11.64787769317627	5	updated
-4.233729839324951	-23.760345458984375	1	sweet
17.05889892578125	-5.488246440887451	5	models
21.118221282958984	-10.998930931091309	5	kitchen
2.0778281688690186	-20.089380264282227	9	older
12.732574462890625	26.81080436706543	0	Wedding
-10.42934799194336	40.486331939697266	7	FREE
-13.35288143157959	17.209611892700195	8	Plus
27.939069747924805	-10.699015617370605	6	shoes
1.856610655784607	21.30462074279785	8	Model
13.61230754852295	-24.78817367553711	6	fashion
9.567704200744629	-22.087242126464844	6	cute
14.340285301208496	-24.248926162719727	6	dress
21.907581329345703	-18.949039459228516	6	colors
20.31304359436035	-5.2303338050842285	5	shipping
3.139366388320923	-16.169673919677734	5	sharing
8.98527717590332	-25.12899398803711	6	beauty
-20.838668823242188	3.0978798866271973	3	Girl
-10.859089851379395	3.64884877204895	4	Girls
-3.8604135513305664	14.301251411437988	8	Gallery
16.65644645690918	-8.55821418762207	5	classes
-8.565878868103027	1.25041925907135	4	Sex
18.331829071044922	-10.175424575805664	5	stores
-0.7888175845146179	-30.110328674316406	2	sexy
-0.9576737284660339	-22.231163024902344	2	mom
-0.653270423412323	-35.32350540161133	2	teen
-20.34149932861328	11.539908409118652	3	Summer
41.49362564086914	-18.26785659790039	1	recipe
4.626732349395752	30.058412551879883	0	Shipping
-4.6694183349609375	-21.923084259033203	6	lovely
-7.187556743621826	0.9789043068885803	4	Movies
0.8637245297431946	27.656387329101562	0	Natural
-9.08112907409668	39.471290588378906	7	OR
12.742250442504883	-4.139122009277344	9	marriage
8.888611793518066	-12.692920684814453	5	websites
1.0403814315795898	-26.504241943359375	2	pics
-14.213163375854492	18.925670623779297	3	Heart
38.51854705810547	-20.10883140563965	1	cream
18.697423934936523	-18.975055694580078	6	pattern
25.089086532592773	-11.770025253295898	6	flowers
-1.799096703529358	-19.226253509521484	10	sister
25.079490661621094	-5.769275665283203	5	bedroom
-15.279354095458984	22.76531410217285	0	Style
15.039860725402832	-10.593639373779297	5	magazine
-2.2463183403015137	19.661718368530273	8	Magazine
7.081554889678955	-16.246583938598633	5	sample
-14.067331314086914	3.707660675048828	4	Pictures
9.697698593139648	19.64013671875	8	Privacy
-7.7396650314331055	3.849635362625122	4	Asian
15.815689086914062	-24.709115982055664	6	designs
41.64216995239258	-16.898101806640625	1	sugar
2.2569377422332764	-25.983476638793945	2	gallery
10.533226013183594	-25.94879722595215	6	clothes
38.65786361694336	-17.965761184692383	1	tea
3.985941171646118	-13.746301651000977	5	reserved
11.76994514465332	-3.7939205169677734	9	relationships
-9.036449432373047	25.37137794494629	0	Fashion
24.882585525512695	-6.424639701843262	5	bathroom
40.30173110961914	-18.675838470458984	1	milk
-2.423884868621826	-36.37730026245117	2	pussy
39.71295928955078	-19.572389602661133	1	chocolate
-0.9052577018737793	18.206783294677734	8	Student
0.4436306655406952	-19.321836471557617	10	herself
-16.230777740478516	21.97032356262207	0	Pink
-16.369688034057617	17.90045738220215	3	Queen
-34.9726448059082	0.027624130249023438	10	Sarah
-22.346115112304688	7.385152339935303	3	Lady
-6.195929050445557	15.293139457702637	3	Dance
-27.574066162109375	-2.7518763542175293	3	Rose
-8.75621509552002	38.868953704833984	7	WITH
-22.10880470275879	3.9232583045959473	3	Beautiful
20.52265739440918	2.387605905532837	9	therapy
0.6518028974533081	-34.943477630615234	2	mature
5.338226795196533	26.02788543701172	0	Hair
15.306425094604492	-22.520360946655273	6	clothing
40.16676330566406	-16.28008270263672	1	foods
22.69159698486328	-19.07467269897461	6	accessories
11.080869674682617	-26.48276710510254	6	pink
38.878623962402344	-21.62610626220703	1	cake
11.407011985778809	-12.876888275146484	5	affordable
-24.635379791259766	-0.6986043453216553	3	Enjoy
14.03442668914795	-15.420042991638184	5	shower
-2.4996984004974365	-21.838010787963867	2	lady
13.994962692260742	26.452678680419922	0	Shoes
-17.537826538085938	19.152225494384766	3	Beauty
11.06257438659668	24.559011459350586	0	Bed
-26.877925872802734	5.443985939025879	10	Miss
29.075952529907227	-11.304159164428711	6	jewelry
27.235551834106445	-13.881733894348145	6	fabric
22.04496192932129	-15.752220153808594	6	designer
7.274364471435547	-24.30319595336914	5	tiny
39.71376419067383	-15.672438621520996	1	organic
9.588652610778809	29.778432846069336	0	Dress
8.584132194519043	-13.032889366149902	5	blogs
0.13526657223701477	-35.182289123535156	2	nude
41.5758171081543	-17.522716522216797	1	recipes
0.648719310760498	13.992301940917969	3	♥
26.774070739746094	0.03402100130915642	9	breast
-12.136072158813477	41.36656951904297	7	LOVE
10.099518775939941	17.85239028930664	8	Cancer
6.575742721557617	15.506712913513184	8	MS
6.286916732788086	29.4287109375	0	Bag
-37.320030212402344	-9.346461296081543	10	Kelly
1.9589320421218872	-27.49036407470703	2	wet
-16.684057235717773	5.354360580444336	4	Mom
8.488163948059082	-7.256033897399902	9	parent
-32.01239776611328	4.290461540222168	10	Elizabeth
25.823122024536133	-5.806396961212158	5	bath
-19.60127067565918	10.609932899475098	8	Picture
18.825157165527344	-18.332128524780273	6	patterns
9.634771347045898	-26.10266876220703	6	gorgeous
38.469722747802734	-21.23647689819336	1	delicious
-22.69512176513672	0.5465888977050781	3	Sweet
0.11868305504322052	-38.6902961730957	2	cum
-0.8573337197303772	-31.113182067871094	2	naked
-9.6444673538208	0.7965533137321472	4	Teen
-33.306297302246094	1.4062039852142334	10	Ann
-24.81568717956543	-2.791625499725342	3	Perfect
7.5633225440979	-26.172273635864258	5	attractive
12.607067108154297	27.81772232055664	0	Jewelry
-1.2103486061096191	-36.75531005859375	2	blonde
7.7250752449035645	-25.318561553955078	6	ladies
-16.878328323364258	14.017964363098145	8	Write
20.09375	-6.968315124511719	5	swimming
-28.50263214111328	6.343418598175049	10	Kim
7.785597801208496	-11.345805168151855	5	availability
8.331671714782715	-10.235871315002441	5	authors
-0.816622793674469	-20.98724937438965	5	loving
-26.412246704101562	6.667154312133789	10	Victoria
-33.820125579833984	-0.22824493050575256	10	Jane
-12.711899757385254	39.989803314208984	7	MORE
20.32270050048828	-19.9263858795166	6	flower
-0.6970334649085999	26.44618797302246	3	Tea
-7.861353874206543	13.002015113830566	3	Halloween
-10.120715141296387	22.90264129638672	0	Clear
-13.955156326293945	21.052011489868164	0	Crystal
17.695772171020508	-11.024344444274902	5	holidays
3.775371551513672	-21.086368560791016	9	pregnant
-11.01325511932373	1.6504154205322266	4	Sexy
11.648355484008789	-24.737171173095703	6	stunning
40.95487976074219	-17.40715980529785	1	eggs
6.58250617980957	19.822423934936523	8	Fitness
-34.26366424560547	-5.799223899841309	10	Jennifer
9.441770553588867	-14.357013702392578	5	samples
8.30642318725586	-27.110109329223633	6	matching
11.266535758972168	-12.61845874786377	5	trends
7.0267205238342285	-7.07614278793335	9	sensitive
-13.003971099853516	39.69394302368164	7	NOW
-3.2722060680389404	27.57845115661621	3	Cream
-13.654359817504883	39.78801727294922	7	HERE
-3.701688289642334	27.798099517822266	3	Chocolate
12.114957809448242	-1.987804889678955	9	pregnancy
11.779138565063477	22.630891799926758	0	Spa
3.3793106079101562	22.92902374267578	0	Skin
7.469726085662842	25.91614532470703	0	Floor
-37.02617645263672	-4.216404914855957	10	Kate
-41.38011932373047	-9.54150676727295	10	Lisa
18.28192901611328	-2.8939740657806396	10	singer
-30.913692474365234	5.519822120666504	10	Ms.
-36.18244171142578	1.0155619382858276	10	Susan
13.877912521362305	-1.377850890159607	9	nursing
21.867145538330078	-4.205510139465332	5	coupon
-11.76965618133545	23.7991943359375	0	Flowers
17.27153968811035	-14.28492259979248	5	layout
-20.659564971923828	10.66195297241211	3	Secret
20.882192611694336	2.0654664039611816	9	depression
39.79133605957031	-18.557479858398438	1	egg
-6.078002452850342	-21.04413604736328	6	fabulous
6.81148624420166	-7.054478645324707	9	babies
27.956043243408203	-0.7594817876815796	9	oral
-42.20330047607422	-9.033318519592285	10	Amy
-34.136558532714844	0.31454217433929443	10	Anne
16.661869049072266	-15.49238109588623	5	romantic
-6.9177727699279785	-19.319759368896484	5	newest
16.52280044555664	-24.159095764160156	6	elegant
27.561016082763672	-1.479432463645935	5	massage
-24.288190841674805	-2.4469497203826904	3	Simply
-9.739433288574219	16.546222686767578	8	Reserved
1.879996418952942	16.353506088256836	8	Dakota
-2.1728761196136475	24.621543884277344	1	Recipe
-22.19572639465332	1.5952751636505127	3	Pretty
12.011639595031738	-7.614218711853027	5	couples
-35.24482345581055	-4.067010402679443	10	Anna
0.8066882491111755	-29.928546905517578	2	teens
-35.14299011230469	1.2503682374954224	10	Barbara
-38.58565139770508	-4.115072727203369	10	Laura
-9.927765846252441	21.88908576965332	0	Ladies
-14.76015567779541	13.7805814743042	8	Month
-8.613248825073242	0.08211872726678848	4	Porn
42.19095993041992	-16.231298446655273	1	vegetables
21.98472023010254	2.9482433795928955	9	diabetes
-28.409669876098633	7.205273628234863	10	Maria
-2.0649476051330566	-34.75434112548828	2	fucked
18.992061614990234	-8.064736366271973	5	template
-15.360587120056152	22.087696075439453	0	Flower
24.337282180786133	-18.946910858154297	6	dresses
-1.8966853618621826	23.94374656677246	1	Recipes
-39.052242279052734	-8.399889945983887	10	Michelle
19.480667114257812	-6.8353271484375	5	cruise
-0.060934118926525116	-23.91080665588379	2	girlfriend
9.67757797241211	23.159360885620117	8	Rooms
-28.466581344604492	3.9993016719818115	10	Charlotte
-1.3674306869506836	19.840715408325195	8	Calendar
-6.938391208648682	13.416522979736328	3	Princess
23.588150024414062	-12.91937255859375	6	designers
-20.16832733154297	13.038886070251465	8	Choice
-13.156546592712402	11.60627269744873	8	Sites
-1.9354044198989868	18.901775360107422	8	Virtual
25.71131134033203	-13.610515594482422	6	crystal
-33.54460906982422	2.7035973072052	10	Nancy
14.28799819946289	25.060007095336914	0	Bedroom
0.30315709114074707	-31.107412338256836	2	bitch
-0.574251651763916	-33.85947036743164	2	lesbian
-9.759113311767578	24.871591567993164	0	Designer
-31.787673950195312	-2.0904433727264404	10	Grace
-2.014883518218994	-36.16822052001953	2	tits
-36.85097122192383	-10.16067123413086	10	Jessica
-15.397465705871582	14.709394454956055	8	Purchase
-26.024721145629883	-1.4787614345550537	3	Valentine
-26.996232986450195	2.1298344135284424	10	Madison
23.324888229370117	-2.5083465576171875	5	carrier
43.848506927490234	-16.6948184967041	1	cups
-14.611151695251465	20.590824127197266	0	Pearl
-32.02855682373047	-1.1595860719680786	10	Alice
8.809090614318848	24.52637481689453	0	Dining
-16.14143943786621	10.794807434082031	8	Shows
-0.5110030770301819	-37.438533782958984	2	anal
7.5377631187438965	17.544015884399414	8	Therapy
17.32674217224121	-8.087568283081055	5	engagement
13.382747650146484	-1.6055080890655518	9	addiction
17.390867233276367	-7.336976528167725	5	pets
9.080303192138672	18.16419219970703	8	Nursing
-13.498849868774414	22.645023345947266	0	Soft
20.857053756713867	-14.492979049682617	6	carpet
21.218467712402344	3.1018154621124268	9	disorder
-3.691776990890503	15.143194198608398	8	Teacher
-23.805950164794922	-2.548611879348755	8	Recently
-37.712501525878906	-1.2342861890792847	10	Linda
-39.593204498291016	-9.469148635864258	10	Rachel
17.669076919555664	-13.506463050842285	5	dot
4.708341121673584	-13.413487434387207	5	browse
16.66103744506836	-23.98217010498047	6	stylish
1.7581706047058105	-29.387121200561523	2	galleries
42.71997833251953	-16.5441837310791	1	baking
2.152891159057617	17.211265563964844	8	Cruise
-40.50490188598633	-4.558341979980469	10	Karen
-17.486888885498047	14.599737167358398	8	Created
-19.931846618652344	13.964067459106445	8	Finding
10.688101768493652	15.954879760742188	8	Diet
10.839608192443848	27.655038833618164	0	Bags
41.64581298828125	-18.699634552001953	1	salad
-11.78769588470459	40.2202033996582	7	BEST
22.221967697143555	-18.131595611572266	6	colours
6.811220169067383	26.991289138793945	0	Luxury
-24.26753807067871	-1.8979047536849976	8	Lots
2.082786798477173	15.264856338500977	5	Caribbean
13.697810173034668	-25.921897888183594	6	purple
23.823915481567383	-5.34877347946167	5	spa
1.9454835653305054	20.851585388183594	8	Models
-5.216288089752197	26.24586296081543	8	Healthy
-10.475541114807129	24.289522171020508	0	Designs
39.14517593383789	-14.010135650634766	9	nutrition
14.357428550720215	-20.265769958496094	6	costume
11.324238777160645	21.244539260864258	8	Apartment
28.017850875854492	-1.2711236476898193	2	facial
11.894259452819824	-5.999487400054932	9	nurse
-2.4883179664611816	-35.06128692626953	2	babe
20.858985900878906	-7.234109878540039	5	relaxing
11.342046737670898	19.56845474243164	8	Yoga
-26.42923927307129	0.856491208076477	10	Eve
16.982500076293945	-16.3515682220459	6	makeup
13.474295616149902	26.459228515625	0	Womens
5.720641136169434	-18.771272659301758	5	celebrity
-4.553681373596191	18.88224220275879	8	Newsletter
7.396944999694824	-14.02629280090332	5	photograph
11.34647274017334	-24.955814361572266	6	outfit
-24.982986450195312	15.115140914916992	3	Sugar
18.238014221191406	-2.7555906772613525	10	actress
-33.235652923583984	-7.800113201141357	10	Ashley
18.953779220581055	-6.621157169342041	5	magazines
37.71577072143555	-21.833044052124023	1	honey
23.843496322631836	-1.4750806093215942	5	yoga
4.47495174407959	22.30057144165039	8	Holidays
3.4884657859802246	27.25859260559082	0	Contemporary
-12.68979263305664	14.951973915100098	8	Multiple
-4.4550676345825195	14.221036911010742	8	Celebrity
25.951358795166016	-2.7693164348602295	5	beaches
15.246099472045898	-13.363481521606445	5	romance
-15.948448181152344	12.166775703430176	8	Sample
-30.583240509033203	3.1241562366485596	10	Marie
-0.0895332619547844	-18.825271606445312	10	sisters
-11.69484806060791	22.360021591186523	0	Mirror
-0.42768433690071106	-31.766265869140625	2	xxx
12.083028793334961	24.890012741088867	0	Shower
-23.93706703186035	12.372647285461426	3	Cherry
-8.658363342285156	16.227664947509766	8	Contest
-2.754086494445801	26.196258544921875	8	Cooking
10.52987289428711	16.026540756225586	8	Nutrition
-11.74623966217041	41.25531768798828	7	VERY
-39.46013641357422	-6.079326629638672	10	Emily
-42.83293914794922	-9.061370849609375	10	Julie
-12.332258224487305	16.566970825195312	8	Target
42.52207946777344	-17.879871368408203	1	lemon
3.305135488510132	18.648693084716797	8	Apply
23.092039108276367	5.887918949127197	9	acne
-1.3415943384170532	-22.059783935546875	2	lover
-1.357802391052246	-33.85173797607422	2	sucking
-21.46914291381836	14.222978591918945	0	Unique
-4.176610946655273	19.280366897583008	8	Statement
13.40579891204834	-19.926958084106445	6	adorable
7.653937816619873	-6.956038475036621	9	caring
7.245725631713867	22.55514144897461	8	Seller
-11.618804931640625	3.757890462875366	4	Cute
-7.536660671234131	0.3466866612434387	4	Amateur
-3.864382266998291	12.738619804382324	3	Virgin
-8.400140762329102	0.462956041097641	4	Ass
-9.236000061035156	3.5858218669891357	4	Wife
4.707607746124268	20.483352661132812	8	Fiction
-24.797996520996094	17.53518295288086	3	Cake
14.202638626098633	-14.411966323852539	5	rack
-30.328096389770508	-2.4960434436798096	10	Dawn
21.61334991455078	4.020190715789795	9	abortion
14.033478736877441	-22.10233497619629	6	nail
20.81399917602539	-7.557799816131592	5	laundry
14.714762687683105	-19.55298614501953	6	skirt
15.221782684326172	-25.41974449157715	6	colorful
4.382945537567139	-17.53362464904785	5	passionate
-14.079673767089844	12.934582710266113	8	Updates
0.4572778344154358	-21.846513748168945	5	enjoys
22.114553451538086	4.103679180145264	9	syndrome
-19.599462509155273	6.832152366638184	10	Hilton
-37.290565490722656	-1.9667967557907104	10	Carol
6.592475891113281	-7.59105110168457	9	mothers
14.026594161987305	20.905807495117188	8	Massage
15.244792938232422	-14.771004676818848	5	swim
-32.9054069519043	-1.3759410381317139	10	Heather
20.731287002563477	-11.250889778137207	5	soap
3.900221586227417	-15.98354434967041	5	separated
11.641563415527344	-19.213499069213867	5	queen
-17.336454391479492	15.742742538452148	0	Bottom
12.672141075134277	-22.57933807373047	6	charming
19.564062118530273	-11.654129981994629	5	grocery
22.850095748901367	-4.436579704284668	5	measurements
-6.606733798980713	21.02556800842285	8	Collections
15.472455978393555	-10.127023696899414	5	blogger
-11.77429485321045	2.4224798679351807	4	Pics
-42.02548599243164	-9.820475578308105	10	Amanda
11.851929664611816	24.654083251953125	0	Bathroom
-24.124492645263672	11.695067405700684	3	Candy
-35.66452407836914	-9.421195030212402	10	Lynn
-0.29089388251304626	29.633947372436523	0	DIY
-31.33340072631836	-0.10542438924312592	10	Lauren
6.10175895690918	23.614444732666016	8	Desk
6.16314697265625	18.090106964111328	8	Breast
-1.3093210458755493	-35.15445327758789	2	horny
-13.845710754394531	19.577951431274414	0	Evening
7.529359340667725	-11.773336410522461	5	on-line
-38.6054801940918	-8.68120288848877	10	Katie
14.558785438537598	20.471141815185547	4	Oral
-7.940402507781982	39.841712951660156	7	SALE
8.717463493347168	-6.6920599937438965	9	clinic
4.036961555480957	27.12248992919922	0	Covers
10.443472862243652	24.29875373840332	0	Pump
-18.01480484008789	11.265377044677734	8	Exclusive
-37.93046188354492	-7.3855743408203125	10	Emma
8.507096290588379	29.160804748535156	0	Fabric
37.449256896972656	-21.85559844970703	1	homemade
-37.43936538696289	-10.435153007507324	10	Nicole
-29.969228744506836	-3.21177339553833	10	Joy
14.049671173095703	-14.816596984863281	5	tub
36.63899230957031	-21.11724090576172	1	dressing
15.844103813171387	-14.13913345336914	5	sunny
11.404623031616211	26.19268798828125	0	Costume
-38.95569610595703	-2.1890134811401367	10	Helen
-9.238557815551758	3.040879726409912	4	Galleries
21.26498794555664	-5.5673604011535645	5	templates
12.320544242858887	-20.534582138061523	6	bride
26.929637908935547	-8.73804759979248	5	tile
2.625788450241089	-25.601680755615234	2	hottest
-12.51322078704834	23.232877731323242	0	Colors
-20.180648803710938	9.201836585998535	3	Dancing
8.141600608825684	-20.507644653320312	2	belly
-0.116993248462677	-28.105388641357422	2	chick
-24.915002822875977	15.861539840698242	3	Whole
6.819166660308838	-19.85057258605957	5	outdoors
-33.75896453857422	2.490163564682007	10	Catherine
-12.929619789123535	3.6554553508758545	4	Huge
-16.334835052490234	17.796005249023438	3	Ruby
-15.821661949157715	17.64610481262207	3	Twilight
13.579697608947754	27.147579193115234	0	Dresses
2.3180713653564453	27.011594772338867	0	Platinum
-40.27692413330078	-9.706934928894043	10	Julia
-35.61223602294922	-1.0540837049484253	10	Sharon
15.891785621643066	-6.888916492462158	9	protective
-10.100152969360352	39.215660095214844	7	ABOUT
4.146218299865723	25.162565231323242	0	Salon
-7.447174072265625	11.770770072937012	8	Sierra
-25.75674057006836	-1.738905906677246	3	Wonderful
-25.116058349609375	12.472795486450195	3	Honey
-0.9841211438179016	17.835237503051758	8	Teachers
-13.998719215393066	38.16381072998047	7	NOTE
-9.080347061157227	0.06930749118328094	4	Blonde
9.749865531921387	-20.581283569335938	5	exotic
-21.433557510375977	10.065699577331543	3	Dreams
-7.321543216705322	-0.2887214422225952	4	Mature
-37.64981460571289	-2.505833148956299	10	Sue
2.018734931945801	-35.82616424560547	2	breasts
16.27437973022461	-14.985034942626953	5	closet
-20.77166175842285	17.63610076904297	7	WOW
8.482094764709473	-24.879484176635742	6	heels
21.74445152282715	-20.011180877685547	6	decor
25.470285415649414	-17.432634353637695	6	silk
25.81227684020996	-16.478721618652344	6	necklace
-0.3532693386077881	-20.90256690979004	5	pose
-12.397693634033203	22.02753257751465	0	Wear
12.91657543182373	28.28093910217285	0	Necklace
7.558380126953125	23.558141708374023	8	Platform
28.26601791381836	-4.951334476470947	6	waist
14.13433837890625	27.68439292907715	0	Earrings
4.883582592010498	-17.150402069091797	5	intimate
11.866812705993652	19.293210983276367	8	Bachelor
-40.2636833190918	-6.79340124130249	10	Rebecca
4.6354193687438965	19.30852508544922	8	Classes
-42.01131057739258	-8.360004425048828	10	Melissa
29.21930694580078	-10.006834983825684	6	beads
-6.364261150360107	-1.174807071685791	4	Anal
19.865480422973633	-17.764381408691406	6	vibrant
-4.428939342498779	27.486440658569336	3	Milk
20.09136199951172	2.642669916152954	9	counseling
-34.14370346069336	-3.9238510131835938	10	Betty
6.36480712890625	25.91965675354004	0	Carpet
13.516997337341309	18.13372802734375	8	Czech
15.912980079650879	-9.830893516540527	5	bloggers
-41.28666305541992	-10.91707992553711	10	Sara
13.358989715576172	-2.9893712997436523	9	spouse
-5.21867036819458	20.10150146484375	8	Trends
-8.059857368469238	1.585982322692871	4	Teens
5.241037845611572	16.756671905517578	8	Patient
13.297968864440918	-20.803783416748047	6	sheer
14.513052940368652	-16.257831573486328	6	lip
-33.572696685791016	-8.573925018310547	10	Holly
11.686022758483887	15.5509033203125	8	Vitamin
12.417953491210938	15.038680076599121	5	null
43.44544982910156	-17.266071319580078	1	vanilla
18.493919372558594	-23.75435447692871	5	inexpensive
0.876908004283905	-32.20454406738281	2	kissing
-22.163076400756836	1.9238697290420532	3	Lovely
26.185056686401367	-13.285909652709961	6	luxurious
-34.61992263793945	1.4510478973388672	10	Ellen
-20.087648391723633	14.60201644897461	8	Explore
23.193939208984375	1.0306028127670288	9	toxic
17.263111114501953	-5.697371006011963	5	modeling
-12.68364429473877	2.601956844329834	4	Naked
-15.308903694152832	10.938591003417969	8	Reality
0.25458604097366333	29.691028594970703	0	Victorian
-32.29677963256836	3.875128984451294	10	Joan
22.107437133789062	-2.358534574508667	5	registry
1.6387898921966553	-38.30366134643555	2	webcam
10.259808540344238	17.09212303161621	8	Diabetes
7.576512813568115	-16.336565017700195	5	swap
1.4165284633636475	18.851333618164062	8	Nurse
-38.88277053833008	-4.8602375984191895	10	Donna
18.89723777770996	-4.799091339111328	5	poems
-8.415801048278809	15.809545516967773	8	Secrets
5.484994888305664	30.110563278198242	0	Pattern
-41.049713134765625	-11.539556503295898	10	Lucy
-9.40075969696045	1.676695466041565	4	Nude
-5.3450140953063965	27.042888641357422	8	Eating
1.7911367416381836	19.453441619873047	8	Smoking
15.515758514404297	-26.372299194335938	6	delicate
22.21451187133789	-17.74748992919922	6	ribbon
-23.907873153686523	5.102281093597412	10	Amber
1.4145057201385498	15.986936569213867	8	Alberta
-6.421237468719482	14.772685050964355	3	Romance
-1.9605523347854614	-33.66473388671875	2	babes
9.146328926086426	-19.726192474365234	5	strips
-2.0617640018463135	-35.334617614746094	2	slut
-1.4507060050964355	-32.952083587646484	2	boobs
17.290769577026367	1.3912348747253418	9	non-profit
10.450984954833984	-21.733440399169922	6	doll
12.701093673706055	-0.8481845855712891	9	nurses
-43.40800476074219	-7.743792533874512	10	Annie
16.963743209838867	-17.556095123291016	6	costumes
9.305939674377441	-7.079625606536865	9	seniors
-21.753833770751953	8.990933418273926	3	Kiss
10.553165435791016	19.11305809020996	8	Registry
13.12657356262207	18.480918884277344	10	Mercedes
-40.71699905395508	-6.913068771362305	10	Christine
26.203060150146484	-8.11872386932373	5	weddings
14.207612037658691	20.172855377197266	4	:00
-36.16204071044922	-7.766119480133057	10	Monica
0.8677701950073242	-17.672494888305664	10	grandmother
-39.980709075927734	-6.850306510925293	10	Stephanie
7.480996608734131	24.32120704650879	0	Compact
25.529312133789062	-17.823692321777344	6	lace
-9.012015342712402	17.84440803527832	8	VIP
29.112987518310547	-12.576153755187988	6	earrings
-7.702126979827881	0.02215142361819744	4	Hardcore
3.7088427543640137	19.100475311279297	8	Advertise
6.988498210906982	18.70137596130371	8	Factor
27.220266342163086	-14.605196952819824	6	floral
21.198793411254883	3.9636051654815674	9	disabilities
24.015810012817383	-2.091038227081299	9	cosmetic
-39.774391174316406	-7.5218892097473145	10	Janet
39.66185760498047	-20.82907485961914	1	baked
18.286039352416992	-11.011970520019531	5	catering
-32.8020133972168	0.9629499912261963	10	Andrea
12.326756477355957	22.980640411376953	0	Fiber
-13.441981315612793	40.899539947509766	7	HOT
25.0677547454834	-13.258621215820312	6	sewing
-28.210905075073242	4.893996715545654	10	Beverly
39.63473892211914	-20.131202697753906	1	dessert
28.713899612426758	-12.193269729614258	6	fabrics
-0.9173351526260376	27.800477981567383	3	Cottage
38.840938568115234	-20.452604293823242	1	cakes
-5.599495887756348	-1.5393791198730469	4	Cum
3.9896886348724365	-12.532588958740234	5	giveaway
-38.625572204589844	-6.478048324584961	10	Claire
21.520404815673828	-10.84559154510498	5	cottage
9.75817584991455	-17.02657699584961	5	celebrities
0.6417629718780518	19.899860382080078	8	Parties
26.189971923828125	-5.486888408660889	6	pumps
-12.739503860473633	39.04442596435547	7	FIRST
-34.56222915649414	2.1350128650665283	10	Beth
24.803701400756836	-5.707806587219238	5	balcony
-9.677875518798828	15.762096405029297	8	Readers
19.445594787597656	-20.379671096801758	6	crafts
-38.10622787475586	-5.57003116607666	10	Diana
-42.798927307128906	-11.272439956665039	10	Jenny
28.607234954833984	-8.840303421020508	6	ceramic
2.348531723022461	-33.761775970458984	2	lingerie
-2.3077845573425293	25.10324478149414	1	Salad
22.693086624145508	-2.663243055343628	5	accommodations
8.719165802001953	26.322463989257812	0	Clearance
-13.541552543640137	40.40420913696289	7	CLICK
-0.1281513124704361	-39.113155364990234	2	ebony
-7.751136302947998	-0.6242604851722717	4	Pussy
-24.245908737182617	7.375415802001953	3	Bella
-10.801871299743652	16.60590171813965	8	Closed
-18.762914657592773	13.689786911010742	8	Changing
19.39590835571289	-21.436338424682617	6	cocktail
-0.8778005242347717	-37.977378845214844	2	dildo
-1.447296142578125	27.910696029663086	3	Mint
-25.13850212097168	-0.6849315762519836	3	Absolutely
29.623889923095703	-9.249688148498535	6	yarn
-31.374534606933594	-6.407989025115967	10	Sister
-37.46318435668945	-8.831799507141113	10	Christina
2.796520948410034	-20.932750701904297	2	moms
28.589326858520508	-3.772327184677124	6	nylon
-9.15758228302002	1.1159557104110718	4	Lesbian
6.5921783447265625	30.044092178344727	0	Decor
-10.457793235778809	16.03238868713379	8	Cancel
-5.124864101409912	-22.367584228515625	5	delightful
-40.2018928527832	-9.081806182861328	10	Angela
-40.12868881225586	-3.51167631149292	10	Diane
-7.680285930633545	16.658626556396484	8	Dates
-10.301497459411621	25.488243103027344	0	Silk
4.774684906005859	28.395599365234375	0	Crafts
-34.86860656738281	-3.3604793548583984	10	Jo
27.698410034179688	-13.224810600280762	6	bracelet
-5.7020697593688965	11.858448028564453	10	Marina
-1.9926707744598389	-37.30344009399414	2	brunette
9.763938903808594	28.671653747558594	0	Bridal
0.9085795283317566	-31.428464889526367	2	erotic
-5.805238246917725	-1.516737937927246	4	Tits
-39.22618103027344	-3.0339770317077637	10	Kathy
-42.180049896240234	-6.303257942199707	10	Sally
-24.68277931213379	2.003931999206543	8	Giving
8.12330150604248	-6.562285423278809	9	supportive
0.48275038599967957	25.25926399230957	0	Powder
17.679609298706055	-19.778749465942383	6	pillow
42.68320083618164	-17.508169174194336	1	coconut
-22.94596290588379	11.022226333618164	3	Autumn
-13.36047077178955	14.833861351013184	8	Lifestyle
-23.60675621032715	2.1113715171813965	3	Loved
39.22981262207031	-14.126720428466797	9	healthier
-24.209144592285156	6.093975067138672	10	Tiffany
18.54586410522461	-7.68018102645874	5	cluster
-5.618529796600342	20.1815128326416	8	Affordable
-19.6201229095459	5.894604682922363	10	Ms
-32.33981704711914	0.7810387015342712	10	Lindsay
-33.86708068847656	-6.799449443817139	10	Megan
-24.4124698638916	9.028484344482422	3	Mama
-41.58995056152344	-5.933063983917236	10	Liz
25.688913345336914	-4.129456043243408	5	showers
3.7807846069335938	16.85472869873047	8	Coordinator
10.092175483703613	25.60004234313965	0	Mirrors
25.96523094177246	-4.124344348907471	5	mattress
-23.346717834472656	4.821868896484375	3	Kitty
-41.855648040771484	-7.508479118347168	10	Jackie
-31.3225040435791	1.179584264755249	10	Dana
40.430171966552734	-15.267756462097168	1	dairy
13.328424453735352	-19.742294311523438	6	princess
-38.549232482910156	-2.7518093585968018	10	Judy
-15.048974990844727	12.217758178710938	8	Sharing
-38.450931549072266	-10.564512252807617	10	Sandra
5.661601543426514	-34.23041534423828	2	bra
24.588451385498047	-12.861106872558594	6	quilt
7.763569355010986	25.345863342285156	0	Rack
13.389487266540527	-18.55011558532715	6	pale
-43.22412109375	-6.187044620513916	10	Wendy
7.942940711975098	-17.302322387695312	5	clicks
-9.812317848205566	20.854764938354492	3	Doll
1.0010143518447876	-18.608932495117188	5	mum
17.509851455688477	1.4502406120300293	9	nonprofit
-24.928112030029297	16.707828521728516	3	Egg
11.429131507873535	27.636194229125977	0	Trim
-13.661495208740234	39.29827117919922	7	SEE
-22.471664428710938	11.075135231018066	3	Bee
13.982382774353027	-0.7509892582893372	9	complications
14.684818267822266	-10.24853801727295	5	AMI
-28.325653076171875	-3.465043306350708	3	Lily
8.300151824951172	21.453588485717773	8	MAC
28.62047576904297	-10.779541969299316	6	knit
1.576106309890747	-31.99342918395996	2	bikini
-42.45133972167969	-7.11575984954834	10	Jill
12.578431129455566	27.882442474365234	0	Bracelet
6.147613048553467	22.179868698120117	8	Engagement
17.601709365844727	-19.22054100036621	6	purse
-1.3150073289871216	-38.91176223754883	2	milf
7.027283191680908	19.56690788269043	8	Libraries
8.002655982971191	30.73603057861328	0	Lace
4.448066234588623	-22.1881046295166	2	wives
-28.979806900024414	5.028642177581787	10	Whitney
-17.75941276550293	6.295895099639893	10	Britney
4.332627296447754	17.7109317779541	8	Wellness
4.367138862609863	-32.027591705322266	2	virgin
38.0433235168457	-21.89091682434082	1	yummy
11.323511123657227	29.181453704833984	0	Satin
7.3431806564331055	-20.988332748413086	2	toes
13.698091506958008	-22.92202377319336	6	polish
-10.76259994506836	39.4891242980957	7	OTHER
24.664260864257812	-10.15024471282959	6	scent
-32.9228515625	-2.4629509449005127	10	Kay
-26.479896545410156	2.660413980484009	8	Aurora
22.994396209716797	5.900796413421631	9	tumor
17.2128849029541	-14.218289375305176	5	salon
6.412259101867676	28.7094669342041	0	Printed
4.50631856918335	-34.23273849487305	2	escort
-12.30394172668457	40.31460952758789	7	TWO
-42.04792785644531	-10.831366539001465	10	Cindy
-2.6440932750701904	26.222787857055664	3	Cookies
-39.39769744873047	-4.712215900421143	10	Caroline
-34.25185775756836	1.4433187246322632	10	Patricia
8.147235870361328	-10.614344596862793	5	contacting
20.194852828979492	-22.327363967895508	6	handmade
19.299226760864258	-19.94268798828125	6	roses
-12.776212692260742	23.87330436706543	0	Basket
0.8478591442108154	-32.963523864746094	2	panties
21.09520149230957	-6.353800296783447	5	stamps
22.27827262878418	-6.465755462646484	5	gardening
-2.1632561683654785	17.182910919189453	8	Relationship
-4.1106085777282715	18.124359130859375	8	Disclaimer
-7.508108139038086	15.407197952270508	8	Blogger
27.675323486328125	-12.665986061096191	6	bridal
11.48743724822998	-3.3161754608154297	9	depressed
12.821410179138184	-22.186614990234375	6	fairy
0.46377116441726685	26.189964294433594	3	Tropical
7.068803310394287	-22.491477966308594	2	skinny
6.195895671844482	-11.874422073364258	5	checkout
-20.61603546142578	12.862765312194824	8	Everyday
40.51406478881836	-18.00025749206543	1	bake
-15.618762016296387	20.188379287719727	3	Roses
24.797378540039062	-10.794574737548828	6	candles
-12.584823608398438	3.901310443878174	4	Wet
44.051963806152344	-17.59381103515625	1	spicy
-23.962421417236328	5.414697170257568	3	Belle
-12.22971248626709	14.561320304870605	8	Shared
18.990657806396484	-21.88158416748047	6	decorating
40.22560501098633	-16.738550186157227	1	vegetarian
-37.953006744384766	-4.843442916870117	10	Erin
22.682825088500977	-16.822032928466797	6	styling
-17.907215118408203	13.540782928466797	8	Across
-13.547322273254395	23.200895309448242	0	Wrap
20.572389602661133	-20.37870216369629	6	decorations
-34.096778869628906	0.49047550559043884	10	Louise
0.10992792993783951	-29.17608642578125	2	chicks
-9.221683502197266	16.46332550048828	8	Winners
29.646825790405273	-10.375883102416992	6	handbags
-21.65801239013672	3.6684234142303467	3	Gorgeous
37.62750244140625	-20.983991622924805	1	spice
-5.5442891120910645	13.636722564697266	3	Vampire
-1.527106523513794	-38.275413513183594	2	blowjob
-3.4455173015594482	18.81621742248535	8	Awareness
4.719320774078369	-21.95520782470703	2	cheating
14.719087600708008	19.644203186035156	8	Runtime
39.16328811645508	-20.540159225463867	1	pumpkin
-13.802042961120605	20.253623962402344	0	Coral
13.40163516998291	-2.0671186447143555	9	emotionally
5.418299198150635	26.61839485168457	0	Jeans
-6.8088274002075195	-19.11316680908203	5	invites
5.266595840454102	20.85875129699707	8	Novel
-11.169292449951172	15.246092796325684	8	Benefit
17.719745635986328	-8.405577659606934	5	coordinate
-16.303598403930664	21.492206573486328	0	Butterfly
3.938232421875	28.17140007019043	0	Nail
7.91594934463501	19.178001403808594	8	Compliance
6.433842182159424	17.390005111694336	8	Pregnancy
6.291471004486084	31.15388298034668	0	Floral
-9.907865524291992	40.30713653564453	7	STAR
-37.64182662963867	-6.821046829223633	10	Molly
-16.542829513549805	6.447756767272949	3	Mommy
-9.200858116149902	24.284650802612305	0	Ribbon
-29.511938095092773	-2.044398069381714	10	Penny
-40.08686065673828	-5.628483295440674	10	Carrie
-11.746798515319824	1.8490626811981201	4	Babe
23.420427322387695	-2.016573905944824	9	markers
-24.55853843688965	8.205507278442383	3	Willow
23.520788192749023	-3.789857864379883	5	ms
5.848008632659912	14.856332778930664	8	MSN
-41.12046432495117	-10.169617652893066	10	Tina
20.158742904663086	-16.782861709594727	5	cozy
15.81230640411377	-22.06923484802246	6	wardrobe
-6.713963985443115	11.285886764526367	10	Maya
-41.99238204956055	-3.194000244140625	10	Paula
-19.11932945251465	14.414523124694824	8	Choosing
-10.759369850158691	21.77573013305664	0	Clothes
21.18595314025879	-18.811511993408203	6	pearl
23.663911819458008	8.236763954162598	1	teaspoon
-6.040375232696533	10.194278717041016	10	Katrina
22.577808380126953	4.881938457489014	9	arthritis
29.52298927307129	-8.409239768981934	6	fragrance
-17.205581665039062	19.162527084350586	3	Bride
-38.92366409301758	-8.894384384155273	10	Natalie
-3.5052998065948486	17.95664405822754	8	Consumers
10.870591163635254	27.629413604736328	0	Ceramic
-13.83468246459961	22.670469284057617	0	Shape
-12.044987678527832	39.4205322265625	7	TODAY
28.62706756591797	-3.039281129837036	2	latex
-0.3175508379936218	-27.261463165283203	2	naughty
13.054362297058105	-2.9404194355010986	9	therapist
-0.4674595296382904	-38.440799713134766	2	tit
27.71829605102539	-2.354184627532959	2	hips
15.107515335083008	-1.780359148979187	9	wellness
7.9975056648254395	-15.278383255004883	5	bookmark
-2.8265790939331055	25.355113983154297	1	Ingredients
14.828083992004395	-24.471498489379883	6	chic
5.543943881988525	24.517282485961914	8	Weddings
-34.654720306396484	-9.941642761230469	10	Eva
0.11171459406614304	-21.236221313476562	5	poses
-14.722941398620605	17.64488410949707	3	Carnival
26.20479393005371	-9.994325637817383	6	knitting
-6.652679443359375	10.566725730895996	10	Madonna
12.315314292907715	-3.2461838722229004	9	parenting
-10.261384963989258	2.145408868789673	4	XXX
13.797218322753906	-2.2421841621398926	9	survivors
0.9428121447563171	-35.927799224853516	2	orgasm
18.514240264892578	-4.048798084259033	5	vampire
18.556734085083008	-4.397572040557861	5	dancers
2.8917973041534424	24.487995147705078	8	Reception
5.237720489501953	25.776010513305664	0	Makeup
-9.39033031463623	8.163463592529297	10	Married
-42.74714279174805	-6.3838911056518555	10	Debbie
23.247989654541016	6.545402526855469	9	membrane
-21.718929290771484	10.717820167541504	3	Passion
-8.287790298461914	-0.9128806591033936	4	Horny
-23.08237648010254	8.495203971862793	3	Sisters
13.007844924926758	-25.399471282958984	6	fashionable
27.179061889648438	-12.888545989990234	6	metallic
28.31431007385254	-11.899484634399414	6	jewellery
3.3000149726867676	25.99300193786621	0	Swim
-22.011613845825195	12.788130760192871	3	Naturally
-8.709894180297852	39.99717330932617	7	SAVE
-29.12746810913086	6.354270935058594	10	Clare
-7.202411651611328	18.69952392578125	3	Giveaway
-27.74574089050293	5.1050262451171875	10	Rosa
-13.576950073242188	17.379030227661133	8	Split
40.83415603637695	-16.592071533203125	1	vegan
-43.24486541748047	-6.857449531555176	10	Maggie
-5.524454593658447	14.312933921813965	3	Sleeping
11.141579627990723	28.371070861816406	0	Metallic
13.268311500549316	16.440053939819336	5	Norwegian
-11.298640251159668	40.52754592895508	7	PLUS
1.0604639053344727	12.832252502441406	3	Mai
22.13741683959961	-5.3345947265625	5	vacations
44.0571403503418	-18.01017951965332	1	creamy
23.24372100830078	-17.206289291381836	6	sleek
0.9260542988777161	-38.81562423706055	2	hentai
-35.269676208496094	-1.9581080675125122	10	Allison
-15.937312126159668	19.93285369873047	3	Fairy
-6.201285362243652	11.72986125946045	10	Abbey
20.26154327392578	-15.877984046936035	6	boutique
2.52449107170105	-13.189873695373535	5	DD
25.36260223388672	-16.12518882751465	6	gown
9.819025993347168	-24.754352569580078	6	adore
12.530545234680176	24.85042953491211	0	Nylon
4.400980472564697	-31.725370407104492	2	juicy
-1.2986966371536255	-20.48061180114746	5	obsessed
-23.93490219116211	2.94854736328125	3	Totally
5.837849140167236	19.723222732543945	8	Languages
6.380272388458252	25.28745460510254	0	Laundry
-36.64707565307617	-5.202371120452881	10	Jen
-0.6497963666915894	-38.950111389160156	2	shemale
14.706258773803711	-16.050655364990234	6	curves
22.80560302734375	1.763039469718933	9	allergic
-6.321211338043213	17.006208419799805	8	Cure
12.614354133605957	-26.13252830505371	6	exquisite
-29.828340530395508	5.22548246383667	10	Kristen
-18.296504974365234	6.244388580322266	10	Spears
14.299726486206055	21.006074905395508	4	Facial
3.492609739303589	28.875333786010742	0	Boutique
-22.876033782958984	8.91486930847168	3	Sunny
1.7595348358154297	26.89982795715332	3	Romantic
-33.26103591918945	-1.8711036443710327	10	Marilyn
-26.081295013427734	-3.1969707012176514	0	Inspired
-22.738609313964844	14.17494010925293	0	Fancy
43.12942886352539	-16.850563049316406	1	cinnamon
9.078937530517578	22.772485733032227	8	Templates
14.500606536865234	-22.650209426879883	6	butterfly
3.5931766033172607	-16.40439796447754	5	bio
14.404833793640137	26.954458236694336	0	Beads
1.8370898962020874	-20.041505813598633	9	addicted
-11.125141143798828	24.039718627929688	0	Charm
-7.548300743103027	10.871594429016113	3	Venus
14.845470428466797	-1.2370957136154175	9	donor
-0.48115670680999756	-35.9681282043457	2	cunt
-28.570022583007812	5.3680315017700195	10	Clara
23.467309951782227	-16.662151336669922	6	elegance
10.731793403625488	-25.53913688659668	6	outfits
-10.944581031799316	22.96251106262207	0	Tops
11.450506210327148	26.784563064575195	0	Shoulder
-2.5590450763702393	25.592506408691406	1	Bake
22.618249893188477	2.3270957469940186	9	allergies
21.47799301147461	-3.2778894901275635	5	coordinates
24.37742805480957	-18.308181762695312	6	sweater
-39.79973220825195	-2.8334569931030273	10	Katherine
14.366379737854004	-2.16568922996521	9	stressful
43.12301254272461	-15.894852638244629	1	yogurt
23.663700103759766	8.259544372558594	1	tsp
-26.696338653564453	1.451709270477295	10	Savannah
15.94660472869873	-18.89557456970215	6	feminine
7.02775239944458	-13.67489242553711	5	inspirational
-24.854900360107422	17.088138580322266	3	Cookie
26.46201515197754	-8.897222518920898	6	flats
-27.58056640625	6.131703853607178	10	Katy
-9.1920747756958	5.20855188369751	4	Moms
17.42622184753418	-22.13640594482422	5	themed
-27.354598999023438	6.65192985534668	10	Ana
12.872459411621094	-19.773578643798828	6	dolls
-27.839885711669922	-3.077798366546631	3	Daisy
0.8807885050773621	12.67543888092041	10	Rihanna
-7.10679292678833	-1.3398218154907227	4	Busty
-1.0040793418884277	-33.252349853515625	2	licking
0.7555691599845886	25.318933486938477	3	Soap
-34.10893249511719	-6.641817092895508	10	Courtney
-11.273445129394531	39.64436721801758	7	SPECIAL
15.526800155639648	-0.7356477379798889	9	literacy
15.734907150268555	23.11302375793457	8	Acne
19.33186912536621	-15.979744911193848	5	invitations
7.402128219604492	-20.33091926574707	5	messy
29.913982391357422	-10.504056930541992	6	pendant
-36.386539459228516	-2.415010690689087	10	Shirley
-23.7113037109375	2.5644543170928955	3	Loving
-20.921642303466797	7.627985954284668	3	Met
-34.40553283691406	2.913062810897827	10	Deborah
-19.434764862060547	12.887667655944824	8	Spotlight
14.140803337097168	18.987375259399414	3	Bollywood
28.93386459350586	-8.86868667602539	6	crystals
-34.93577575683594	-10.66281509399414	10	Brooke
10.776363372802734	-17.452844619750977	5	dancer
9.06186294555664	17.74976921081543	8	Counseling
-33.92961883544922	-8.676095962524414	10	Nina
-6.616001605987549	10.92176342010498	10	Gaga
25.456470489501953	-10.606157302856445	6	perfume
-23.158632278442383	7.153792858123779	3	Barbie
5.837522029876709	28.440608978271484	0	Pillow
-0.8953104615211487	20.687864303588867	8	Launches
26.120033264160156	-17.51907730102539	6	satin
-1.7755876779556274	-36.84328079223633	2	busty
-4.371391773223877	-19.99976348876953	5	hers
-10.002856254577637	17.36345100402832	8	Destination
1.0620770454406738	-36.888938903808594	2	nipples
-21.776039123535156	12.50706672668457	3	Treat
7.090698719024658	28.74591827392578	0	Mesh
0.4831828773021698	-18.33613395690918	10	aunt
22.902793884277344	5.387726306915283	9	hormones
-37.33391571044922	-2.970289707183838	10	Bonnie
-8.368294715881348	39.40088653564453	7	CONTACT
-12.968788146972656	39.21822738647461	7	NEXT
-39.94561767578125	-11.675026893615723	10	Olivia
-32.494171142578125	2.5241448879241943	10	Dorothy
-35.66791915893555	-10.878872871398926	10	Vanessa
-23.909677505493164	7.671473979949951	3	Ivy
-0.25631651282310486	-32.3706169128418	2	whore
22.858623504638672	1.7380424737930298	9	allergy
2.195880174636841	28.494365692138672	0	Patterns
0.2574533224105835	-28.94161033630371	2	lick
7.391050338745117	29.648569107055664	0	Decorative
-36.551300048828125	-6.995074272155762	10	Tara
4.901803493499756	-33.93208312988281	2	flashing
4.980424880981445	24.55071449279785	3	Ballet
-2.0357866287231445	17.239425659179688	8	Relationships
21.278865814208984	-17.944599151611328	6	coats
-38.43034744262695	-11.727734565734863	10	Samantha
26.604063034057617	-11.751973152160645	6	stitch
-14.540570259094238	11.064680099487305	8	Biggest
43.7402229309082	-16.193986892700195	1	crust
13.200925827026367	19.92500877380371	10	Actress
12.04433822631836	-5.605212211608887	9	sexuality
27.61693000793457	-9.890779495239258	6	footwear
-9.297234535217285	23.57621192932129	0	Shades
19.695817947387695	-14.889486312866211	6	ensemble
20.737895965576172	-4.9689483642578125	5	widget
1.5921392440795898	-33.02836608886719	2	stockings
-8.436346054077148	11.81193733215332	8	Adelaide
-18.59145164489746	13.208740234375	8	Inspiration
0.4038757383823395	-25.582660675048828	2	posing
-27.095659255981445	-2.086207389831543	3	Swan
-40.47223663330078	-4.235353946685791	10	Cheryl
17.220365524291992	-11.600539207458496	5	litter
0.4670689105987549	12.16846752166748	10	Mae
11.979281425476074	-2.9364421367645264	9	distress
-0.4027700126171112	17.651466369628906	8	Addiction
15.532280921936035	-24.145322799682617	6	trendy
-9.131166458129883	1.9559993743896484	4	Ebony
-7.686018943786621	21.425689697265625	8	Trend
-9.460556030273438	15.04949951171875	8	Voices
2.3471899032592773	-12.72060775756836	3	xx
24.861865997314453	-7.7389912605285645	6	platinum
-6.368175983428955	-19.62459373474121	5	peek
25.703155517578125	-4.903723239898682	5	sandy
2.9035708904266357	-12.160603523254395	5	photostream
-20.454792022705078	10.171706199645996	3	Smile
4.097671985626221	25.972749710083008	0	Vanity
-35.455665588378906	2.0755929946899414	10	Kathleen
13.849796295166016	-21.82390785217285	6	triangle
-42.2840576171875	-3.400763750076294	10	Pam
5.746978282928467	20.0967960357666	8	Shares
14.799957275390625	17.45240592956543	6	Vuitton
2.344636917114258	28.263347625732422	8	Designers
0.26731249690055847	11.833640098571777	10	Buffy
-25.414493560791016	12.735723495483398	3	Ginger
-24.77528953552246	12.753920555114746	3	Spice
-14.80512809753418	19.973424911499023	0	Emerald
4.02524471282959	-34.22187042236328	2	penetration
5.166538238525391	28.825464248657227	0	Candle
19.53249740600586	-11.573637962341309	5	supermarket
14.999828338623047	-21.213239669799805	6	prom
-25.89809226989746	0.26621970534324646	3	Yay
16.890300750732422	-13.697564125061035	5	royalty
17.4945125579834	-5.203829288482666	5	scans
-6.438947677612305	-0.8036064505577087	4	Fucked
-15.714678764343262	18.410423278808594	3	Witch
42.31611251831055	-17.0242977142334	1	veggies
-1.0468864440917969	-31.711091995239258	2	lesbians
-5.272427082061768	-22.283973693847656	6	paired
5.891304969787598	14.396347999572754	9	ER
15.444457054138184	23.593242645263672	0	Heated
-10.245211601257324	3.125995635986328	4	Tight
-5.1612935066223145	-23.043014526367188	5	goodies
-34.324974060058594	-10.764598846435547	10	Nikki
-36.30223846435547	-7.798513889312744	10	Angie
5.162190914154053	-17.881269454956055	5	witch
-10.542238235473633	23.348573684692383	0	Diamonds
-16.93982696533203	10.27823257446289	3	Scenes
6.710484027862549	-21.35986328125	2	gal
0.8514688611030579	24.77487564086914	0	Layer
-25.482601165771484	15.484862327575684	3	Delicious
26.177051544189453	-9.691389083862305	6	coral
5.751312732696533	-17.53340721130371	5	chatting
-34.59013366699219	-8.890519142150879	10	Sophie
-41.21517562866211	-9.163450241088867	10	Denise
10.13155460357666	28.055891036987305	0	Tote
-1.6512658596038818	-20.623058319091797	5	obsession
0.48791855573654175	-38.09854507446289	2	boob
-9.689725875854492	39.87236785888672	7	OPEN